{
 "cells": [
  {
   "cell_type": "code",
   "execution_count": 1,
   "metadata": {},
   "outputs": [],
   "source": [
    "import datetime as dt\n",
    "from datetime import date\n",
    "import matplotlib.pyplot as plt\n",
    "from matplotlib import style\n",
    "import pandas as pd\n",
    "import pandas_datareader.data as web\n",
    "import numpy as np\n",
    "import time\n",
    "from datetime import date\n",
    "import statsmodels.formula.api as sm\n",
    "\n",
    "#returns dataframe of price with close price\n",
    "def ticker_df(ticker, start, end):\n",
    "    source = 'yahoo'\n",
    "    df = web.DataReader(ticker, source, start, end)\n",
    "    return df.drop(['High', 'Low', 'Open', 'Adj Close', 'Volume'], axis = 1)\n",
    "\n",
    "def stock_correlation(stock1, stock2):\n",
    "    correlation = stock1['Close'].pct_change().corr(stock2['Close'].pct_change())\n",
    "    return(correlation)\n",
    "\n",
    "def get_correlation(stocks, start, end):\n",
    "    \n",
    "    assets ={}\n",
    "    assets2 = {}\n",
    "\n",
    "    for stock in stocks:\n",
    "        assets[stock] = ticker_df(stock, start, end)\n",
    "\n",
    "    for stock in stocks:\n",
    "        assets2[stock] = list(assets[stock]['Close'])\n",
    "\n",
    "    df = pd.DataFrame(data = assets2, columns = assets.keys())\n",
    "    corr_matrix = df.corr()\n",
    "\n",
    "    for stock1 in stocks:\n",
    "        for stock2 in stocks:\n",
    "            corr_matrix[stock1][stock2] = stock_correlation(assets[stock1], assets[stock2])\n",
    "    \n",
    "    return(corr_matrix)\n",
    "\n",
    "#takes holdings {'ticker':allocation}, returns simulation of portfolio\n",
    "def sim_port(holdings, start, end):\n",
    "    portfolio = ticker_df('SPY', start, end).drop('Close', axis =1)\n",
    "\n",
    "    for stock in holdings.keys():\n",
    "        portfolio[stock + ' close'] = ticker_df(stock, start, end)\n",
    "        portfolio[stock + ' pct change'] = portfolio[stock + ' close'].pct_change()\n",
    "\n",
    "    for stock in holdings.keys():\n",
    "\n",
    "        portfolio[stock + ' sim close'] = [0.0]*len(portfolio)\n",
    "        portfolio[stock + ' sim close'][0] = holdings[stock]\n",
    "\n",
    "        for i in range(1, len(portfolio)):\n",
    "            a = portfolio[stock + ' sim close'][i-1]\n",
    "            b = 1 + portfolio[stock + ' pct change'][i]\n",
    "            portfolio[stock + ' sim close'][i] =  a*b\n",
    "\n",
    "    portfolio['Close'] = [0.0]*len(portfolio)\n",
    "\n",
    "    for stock in holdings.keys():\n",
    "        for i in range(len(portfolio)):\n",
    "            portfolio['Close'][i] += portfolio[stock + ' sim close'][i]\n",
    "\n",
    "    return(portfolio)\n",
    "\n",
    "#takes list of stocks (strings), returns dictionary of time series\n",
    "def asset_dict(stocks, start, end):\n",
    "    assets = {}\n",
    "    for stock in stocks:\n",
    "        assets[stock] = ticker_df(stock,start,end)['Close']\n",
    "    return(assets)\n",
    "\n",
    "#takes list of stocks, returns dictionary of time series\n",
    "def asset_timeseries(stocks, start, end):\n",
    "    assets = {}\n",
    "    for stock in stocks:\n",
    "        assets[stock] = list(ticker_df(stock, start, end)['Close'])\n",
    "    return(assets)\n",
    "\n",
    "def series_corr(ser1, ser2):\n",
    "    correlation = ser1.pct_change().corr(ser2.pct_change())\n",
    "    return(correlation)\n",
    "\n",
    "def create_corr_matrix(stock_dict):\n",
    "    data = pd.DataFrame(data = stock_dict, columns = stock_dict.keys())\n",
    "    corr_matrix = data.corr()\n",
    "\n",
    "    for stock1 in stock_dict.keys():\n",
    "        for stock2 in stock_dict.keys():\n",
    "            corr_matrix[stock1][stock2] = series_corr(stock_dict[stock1], stock_dict[stock2])\n",
    "    return(corr_matrix)\n"
   ]
  },
  {
   "cell_type": "code",
   "execution_count": 22,
   "metadata": {},
   "outputs": [
    {
     "data": {
      "text/plain": [
       "Date\n",
       "2007-01-03     52.630001\n",
       "2007-01-04     53.590000\n",
       "2007-01-05     53.180000\n",
       "2007-01-08     53.250000\n",
       "2007-01-09     53.540001\n",
       "                 ...    \n",
       "2020-06-24    272.459991\n",
       "2020-06-25    276.079987\n",
       "2020-06-26    270.980011\n",
       "2020-06-29    273.739990\n",
       "2020-06-30    278.709991\n",
       "Name: Close, Length: 3397, dtype: float64"
      ]
     },
     "execution_count": 22,
     "metadata": {},
     "output_type": "execute_result"
    }
   ],
   "source": []
  },
  {
   "cell_type": "code",
   "execution_count": 28,
   "metadata": {},
   "outputs": [
    {
     "data": {
      "text/html": [
       "<div>\n",
       "<style scoped>\n",
       "    .dataframe tbody tr th:only-of-type {\n",
       "        vertical-align: middle;\n",
       "    }\n",
       "\n",
       "    .dataframe tbody tr th {\n",
       "        vertical-align: top;\n",
       "    }\n",
       "\n",
       "    .dataframe thead th {\n",
       "        text-align: right;\n",
       "    }\n",
       "</style>\n",
       "<table border=\"1\" class=\"dataframe\">\n",
       "  <thead>\n",
       "    <tr style=\"text-align: right;\">\n",
       "      <th></th>\n",
       "      <th>SPY</th>\n",
       "      <th>IWM</th>\n",
       "      <th>QQQ</th>\n",
       "      <th>GDX</th>\n",
       "      <th>GDXJ</th>\n",
       "      <th>GLD</th>\n",
       "      <th>SLV</th>\n",
       "      <th>USO</th>\n",
       "      <th>XLK</th>\n",
       "      <th>XLE</th>\n",
       "      <th>...</th>\n",
       "      <th>XLU</th>\n",
       "      <th>XLF</th>\n",
       "      <th>XLI</th>\n",
       "      <th>XLV</th>\n",
       "      <th>XAR</th>\n",
       "      <th>ARKK</th>\n",
       "      <th>TLT</th>\n",
       "      <th>LQD</th>\n",
       "      <th>IEF</th>\n",
       "      <th>portfolio</th>\n",
       "    </tr>\n",
       "  </thead>\n",
       "  <tbody>\n",
       "    <tr>\n",
       "      <td>SPY</td>\n",
       "      <td>1.000000</td>\n",
       "      <td>0.895597</td>\n",
       "      <td>0.934694</td>\n",
       "      <td>0.083030</td>\n",
       "      <td>0.134228</td>\n",
       "      <td>-0.065763</td>\n",
       "      <td>0.147140</td>\n",
       "      <td>0.364461</td>\n",
       "      <td>0.941555</td>\n",
       "      <td>0.767630</td>\n",
       "      <td>...</td>\n",
       "      <td>0.611474</td>\n",
       "      <td>0.902053</td>\n",
       "      <td>0.926237</td>\n",
       "      <td>0.874380</td>\n",
       "      <td>0.842673</td>\n",
       "      <td>0.760716</td>\n",
       "      <td>-0.421056</td>\n",
       "      <td>0.167227</td>\n",
       "      <td>-0.424373</td>\n",
       "      <td>0.751860</td>\n",
       "    </tr>\n",
       "    <tr>\n",
       "      <td>IWM</td>\n",
       "      <td>0.895597</td>\n",
       "      <td>1.000000</td>\n",
       "      <td>0.817163</td>\n",
       "      <td>0.092573</td>\n",
       "      <td>0.136567</td>\n",
       "      <td>-0.062198</td>\n",
       "      <td>0.162321</td>\n",
       "      <td>0.343233</td>\n",
       "      <td>0.812173</td>\n",
       "      <td>0.754327</td>\n",
       "      <td>...</td>\n",
       "      <td>0.489081</td>\n",
       "      <td>0.863185</td>\n",
       "      <td>0.874357</td>\n",
       "      <td>0.765060</td>\n",
       "      <td>0.859616</td>\n",
       "      <td>0.789719</td>\n",
       "      <td>-0.386664</td>\n",
       "      <td>0.163854</td>\n",
       "      <td>-0.396705</td>\n",
       "      <td>0.662021</td>\n",
       "    </tr>\n",
       "    <tr>\n",
       "      <td>QQQ</td>\n",
       "      <td>0.934694</td>\n",
       "      <td>0.817163</td>\n",
       "      <td>1.000000</td>\n",
       "      <td>0.056781</td>\n",
       "      <td>0.105791</td>\n",
       "      <td>-0.063496</td>\n",
       "      <td>0.127332</td>\n",
       "      <td>0.292883</td>\n",
       "      <td>0.975436</td>\n",
       "      <td>0.624670</td>\n",
       "      <td>...</td>\n",
       "      <td>0.490158</td>\n",
       "      <td>0.762053</td>\n",
       "      <td>0.801778</td>\n",
       "      <td>0.828362</td>\n",
       "      <td>0.732843</td>\n",
       "      <td>0.797257</td>\n",
       "      <td>-0.376214</td>\n",
       "      <td>0.123991</td>\n",
       "      <td>-0.386397</td>\n",
       "      <td>0.785041</td>\n",
       "    </tr>\n",
       "    <tr>\n",
       "      <td>GDX</td>\n",
       "      <td>0.083030</td>\n",
       "      <td>0.092573</td>\n",
       "      <td>0.056781</td>\n",
       "      <td>1.000000</td>\n",
       "      <td>0.947701</td>\n",
       "      <td>0.755451</td>\n",
       "      <td>0.642651</td>\n",
       "      <td>0.154289</td>\n",
       "      <td>0.052387</td>\n",
       "      <td>0.180174</td>\n",
       "      <td>...</td>\n",
       "      <td>0.195600</td>\n",
       "      <td>-0.003922</td>\n",
       "      <td>0.078772</td>\n",
       "      <td>0.057965</td>\n",
       "      <td>0.101239</td>\n",
       "      <td>0.077527</td>\n",
       "      <td>0.234539</td>\n",
       "      <td>0.250227</td>\n",
       "      <td>0.272406</td>\n",
       "      <td>0.363191</td>\n",
       "    </tr>\n",
       "    <tr>\n",
       "      <td>GDXJ</td>\n",
       "      <td>0.134228</td>\n",
       "      <td>0.136567</td>\n",
       "      <td>0.105791</td>\n",
       "      <td>0.947701</td>\n",
       "      <td>1.000000</td>\n",
       "      <td>0.737495</td>\n",
       "      <td>0.634546</td>\n",
       "      <td>0.153526</td>\n",
       "      <td>0.099893</td>\n",
       "      <td>0.208453</td>\n",
       "      <td>...</td>\n",
       "      <td>0.229474</td>\n",
       "      <td>0.053370</td>\n",
       "      <td>0.124792</td>\n",
       "      <td>0.101684</td>\n",
       "      <td>0.137473</td>\n",
       "      <td>0.123491</td>\n",
       "      <td>0.182096</td>\n",
       "      <td>0.270921</td>\n",
       "      <td>0.225241</td>\n",
       "      <td>0.393475</td>\n",
       "    </tr>\n",
       "    <tr>\n",
       "      <td>GLD</td>\n",
       "      <td>-0.065763</td>\n",
       "      <td>-0.062198</td>\n",
       "      <td>-0.063496</td>\n",
       "      <td>0.755451</td>\n",
       "      <td>0.737495</td>\n",
       "      <td>1.000000</td>\n",
       "      <td>0.775173</td>\n",
       "      <td>0.029311</td>\n",
       "      <td>-0.057721</td>\n",
       "      <td>-0.006358</td>\n",
       "      <td>...</td>\n",
       "      <td>0.146871</td>\n",
       "      <td>-0.155772</td>\n",
       "      <td>-0.080244</td>\n",
       "      <td>-0.055564</td>\n",
       "      <td>-0.039339</td>\n",
       "      <td>-0.021323</td>\n",
       "      <td>0.322718</td>\n",
       "      <td>0.314169</td>\n",
       "      <td>0.389425</td>\n",
       "      <td>0.384529</td>\n",
       "    </tr>\n",
       "    <tr>\n",
       "      <td>SLV</td>\n",
       "      <td>0.147140</td>\n",
       "      <td>0.162321</td>\n",
       "      <td>0.127332</td>\n",
       "      <td>0.642651</td>\n",
       "      <td>0.634546</td>\n",
       "      <td>0.775173</td>\n",
       "      <td>1.000000</td>\n",
       "      <td>0.197567</td>\n",
       "      <td>0.129983</td>\n",
       "      <td>0.209213</td>\n",
       "      <td>...</td>\n",
       "      <td>0.175227</td>\n",
       "      <td>0.074258</td>\n",
       "      <td>0.141820</td>\n",
       "      <td>0.111139</td>\n",
       "      <td>0.163158</td>\n",
       "      <td>0.181708</td>\n",
       "      <td>0.146697</td>\n",
       "      <td>0.269874</td>\n",
       "      <td>0.184420</td>\n",
       "      <td>0.431550</td>\n",
       "    </tr>\n",
       "    <tr>\n",
       "      <td>USO</td>\n",
       "      <td>0.364461</td>\n",
       "      <td>0.343233</td>\n",
       "      <td>0.292883</td>\n",
       "      <td>0.154289</td>\n",
       "      <td>0.153526</td>\n",
       "      <td>0.029311</td>\n",
       "      <td>0.197567</td>\n",
       "      <td>1.000000</td>\n",
       "      <td>0.307482</td>\n",
       "      <td>0.622826</td>\n",
       "      <td>...</td>\n",
       "      <td>0.110667</td>\n",
       "      <td>0.331642</td>\n",
       "      <td>0.349759</td>\n",
       "      <td>0.233154</td>\n",
       "      <td>0.326443</td>\n",
       "      <td>0.263697</td>\n",
       "      <td>-0.210565</td>\n",
       "      <td>0.039048</td>\n",
       "      <td>-0.205545</td>\n",
       "      <td>0.259891</td>\n",
       "    </tr>\n",
       "    <tr>\n",
       "      <td>XLK</td>\n",
       "      <td>0.941555</td>\n",
       "      <td>0.812173</td>\n",
       "      <td>0.975436</td>\n",
       "      <td>0.052387</td>\n",
       "      <td>0.099893</td>\n",
       "      <td>-0.057721</td>\n",
       "      <td>0.129983</td>\n",
       "      <td>0.307482</td>\n",
       "      <td>1.000000</td>\n",
       "      <td>0.647774</td>\n",
       "      <td>...</td>\n",
       "      <td>0.520872</td>\n",
       "      <td>0.785681</td>\n",
       "      <td>0.823761</td>\n",
       "      <td>0.798026</td>\n",
       "      <td>0.750566</td>\n",
       "      <td>0.778445</td>\n",
       "      <td>-0.380601</td>\n",
       "      <td>0.148419</td>\n",
       "      <td>-0.387323</td>\n",
       "      <td>0.812978</td>\n",
       "    </tr>\n",
       "    <tr>\n",
       "      <td>XLE</td>\n",
       "      <td>0.767630</td>\n",
       "      <td>0.754327</td>\n",
       "      <td>0.624670</td>\n",
       "      <td>0.180174</td>\n",
       "      <td>0.208453</td>\n",
       "      <td>-0.006358</td>\n",
       "      <td>0.209213</td>\n",
       "      <td>0.622826</td>\n",
       "      <td>0.647774</td>\n",
       "      <td>1.000000</td>\n",
       "      <td>...</td>\n",
       "      <td>0.430255</td>\n",
       "      <td>0.747948</td>\n",
       "      <td>0.770197</td>\n",
       "      <td>0.594481</td>\n",
       "      <td>0.704279</td>\n",
       "      <td>0.569463</td>\n",
       "      <td>-0.334327</td>\n",
       "      <td>0.142437</td>\n",
       "      <td>-0.330620</td>\n",
       "      <td>0.542189</td>\n",
       "    </tr>\n",
       "    <tr>\n",
       "      <td>XRT</td>\n",
       "      <td>0.781565</td>\n",
       "      <td>0.844548</td>\n",
       "      <td>0.698405</td>\n",
       "      <td>0.037337</td>\n",
       "      <td>0.080058</td>\n",
       "      <td>-0.093276</td>\n",
       "      <td>0.096789</td>\n",
       "      <td>0.263489</td>\n",
       "      <td>0.691110</td>\n",
       "      <td>0.635018</td>\n",
       "      <td>...</td>\n",
       "      <td>0.412906</td>\n",
       "      <td>0.748246</td>\n",
       "      <td>0.764646</td>\n",
       "      <td>0.647138</td>\n",
       "      <td>0.722236</td>\n",
       "      <td>0.677329</td>\n",
       "      <td>-0.360727</td>\n",
       "      <td>0.116071</td>\n",
       "      <td>-0.376630</td>\n",
       "      <td>0.533258</td>\n",
       "    </tr>\n",
       "    <tr>\n",
       "      <td>XLU</td>\n",
       "      <td>0.611474</td>\n",
       "      <td>0.489081</td>\n",
       "      <td>0.490158</td>\n",
       "      <td>0.195600</td>\n",
       "      <td>0.229474</td>\n",
       "      <td>0.146871</td>\n",
       "      <td>0.175227</td>\n",
       "      <td>0.110667</td>\n",
       "      <td>0.520872</td>\n",
       "      <td>0.430255</td>\n",
       "      <td>...</td>\n",
       "      <td>1.000000</td>\n",
       "      <td>0.502891</td>\n",
       "      <td>0.555729</td>\n",
       "      <td>0.554398</td>\n",
       "      <td>0.503925</td>\n",
       "      <td>0.330122</td>\n",
       "      <td>-0.082428</td>\n",
       "      <td>0.296076</td>\n",
       "      <td>-0.029321</td>\n",
       "      <td>0.547841</td>\n",
       "    </tr>\n",
       "    <tr>\n",
       "      <td>XLF</td>\n",
       "      <td>0.902053</td>\n",
       "      <td>0.863185</td>\n",
       "      <td>0.762053</td>\n",
       "      <td>-0.003922</td>\n",
       "      <td>0.053370</td>\n",
       "      <td>-0.155772</td>\n",
       "      <td>0.074258</td>\n",
       "      <td>0.331642</td>\n",
       "      <td>0.785681</td>\n",
       "      <td>0.747948</td>\n",
       "      <td>...</td>\n",
       "      <td>0.502891</td>\n",
       "      <td>1.000000</td>\n",
       "      <td>0.891763</td>\n",
       "      <td>0.745336</td>\n",
       "      <td>0.815777</td>\n",
       "      <td>0.643937</td>\n",
       "      <td>-0.483533</td>\n",
       "      <td>0.102524</td>\n",
       "      <td>-0.500577</td>\n",
       "      <td>0.555107</td>\n",
       "    </tr>\n",
       "    <tr>\n",
       "      <td>XLI</td>\n",
       "      <td>0.926237</td>\n",
       "      <td>0.874357</td>\n",
       "      <td>0.801778</td>\n",
       "      <td>0.078772</td>\n",
       "      <td>0.124792</td>\n",
       "      <td>-0.080244</td>\n",
       "      <td>0.141820</td>\n",
       "      <td>0.349759</td>\n",
       "      <td>0.823761</td>\n",
       "      <td>0.770197</td>\n",
       "      <td>...</td>\n",
       "      <td>0.555729</td>\n",
       "      <td>0.891763</td>\n",
       "      <td>1.000000</td>\n",
       "      <td>0.767748</td>\n",
       "      <td>0.908842</td>\n",
       "      <td>0.680541</td>\n",
       "      <td>-0.416309</td>\n",
       "      <td>0.162145</td>\n",
       "      <td>-0.420173</td>\n",
       "      <td>0.646711</td>\n",
       "    </tr>\n",
       "    <tr>\n",
       "      <td>XLV</td>\n",
       "      <td>0.874380</td>\n",
       "      <td>0.765060</td>\n",
       "      <td>0.828362</td>\n",
       "      <td>0.057965</td>\n",
       "      <td>0.101684</td>\n",
       "      <td>-0.055564</td>\n",
       "      <td>0.111139</td>\n",
       "      <td>0.233154</td>\n",
       "      <td>0.798026</td>\n",
       "      <td>0.594481</td>\n",
       "      <td>...</td>\n",
       "      <td>0.554398</td>\n",
       "      <td>0.745336</td>\n",
       "      <td>0.767748</td>\n",
       "      <td>1.000000</td>\n",
       "      <td>0.699969</td>\n",
       "      <td>0.672270</td>\n",
       "      <td>-0.355775</td>\n",
       "      <td>0.105292</td>\n",
       "      <td>-0.352611</td>\n",
       "      <td>0.630347</td>\n",
       "    </tr>\n",
       "    <tr>\n",
       "      <td>XAR</td>\n",
       "      <td>0.842673</td>\n",
       "      <td>0.859616</td>\n",
       "      <td>0.732843</td>\n",
       "      <td>0.101239</td>\n",
       "      <td>0.137473</td>\n",
       "      <td>-0.039339</td>\n",
       "      <td>0.163158</td>\n",
       "      <td>0.326443</td>\n",
       "      <td>0.750566</td>\n",
       "      <td>0.704279</td>\n",
       "      <td>...</td>\n",
       "      <td>0.503925</td>\n",
       "      <td>0.815777</td>\n",
       "      <td>0.908842</td>\n",
       "      <td>0.699969</td>\n",
       "      <td>1.000000</td>\n",
       "      <td>0.686756</td>\n",
       "      <td>-0.352504</td>\n",
       "      <td>0.186611</td>\n",
       "      <td>-0.356131</td>\n",
       "      <td>0.621820</td>\n",
       "    </tr>\n",
       "    <tr>\n",
       "      <td>ARKK</td>\n",
       "      <td>0.760716</td>\n",
       "      <td>0.789719</td>\n",
       "      <td>0.797257</td>\n",
       "      <td>0.077527</td>\n",
       "      <td>0.123491</td>\n",
       "      <td>-0.021323</td>\n",
       "      <td>0.181708</td>\n",
       "      <td>0.263697</td>\n",
       "      <td>0.778445</td>\n",
       "      <td>0.569463</td>\n",
       "      <td>...</td>\n",
       "      <td>0.330122</td>\n",
       "      <td>0.643937</td>\n",
       "      <td>0.680541</td>\n",
       "      <td>0.672270</td>\n",
       "      <td>0.686756</td>\n",
       "      <td>1.000000</td>\n",
       "      <td>-0.268233</td>\n",
       "      <td>0.165586</td>\n",
       "      <td>-0.291365</td>\n",
       "      <td>0.694054</td>\n",
       "    </tr>\n",
       "    <tr>\n",
       "      <td>TLT</td>\n",
       "      <td>-0.421056</td>\n",
       "      <td>-0.386664</td>\n",
       "      <td>-0.376214</td>\n",
       "      <td>0.234539</td>\n",
       "      <td>0.182096</td>\n",
       "      <td>0.322718</td>\n",
       "      <td>0.146697</td>\n",
       "      <td>-0.210565</td>\n",
       "      <td>-0.380601</td>\n",
       "      <td>-0.334327</td>\n",
       "      <td>...</td>\n",
       "      <td>-0.082428</td>\n",
       "      <td>-0.483533</td>\n",
       "      <td>-0.416309</td>\n",
       "      <td>-0.355775</td>\n",
       "      <td>-0.352504</td>\n",
       "      <td>-0.268233</td>\n",
       "      <td>1.000000</td>\n",
       "      <td>0.529687</td>\n",
       "      <td>0.930282</td>\n",
       "      <td>0.084800</td>\n",
       "    </tr>\n",
       "    <tr>\n",
       "      <td>LQD</td>\n",
       "      <td>0.167227</td>\n",
       "      <td>0.163854</td>\n",
       "      <td>0.123991</td>\n",
       "      <td>0.250227</td>\n",
       "      <td>0.270921</td>\n",
       "      <td>0.314169</td>\n",
       "      <td>0.269874</td>\n",
       "      <td>0.039048</td>\n",
       "      <td>0.148419</td>\n",
       "      <td>0.142437</td>\n",
       "      <td>...</td>\n",
       "      <td>0.296076</td>\n",
       "      <td>0.102524</td>\n",
       "      <td>0.162145</td>\n",
       "      <td>0.105292</td>\n",
       "      <td>0.186611</td>\n",
       "      <td>0.165586</td>\n",
       "      <td>0.529687</td>\n",
       "      <td>1.000000</td>\n",
       "      <td>0.545602</td>\n",
       "      <td>0.503855</td>\n",
       "    </tr>\n",
       "    <tr>\n",
       "      <td>IEF</td>\n",
       "      <td>-0.424373</td>\n",
       "      <td>-0.396705</td>\n",
       "      <td>-0.386397</td>\n",
       "      <td>0.272406</td>\n",
       "      <td>0.225241</td>\n",
       "      <td>0.389425</td>\n",
       "      <td>0.184420</td>\n",
       "      <td>-0.205545</td>\n",
       "      <td>-0.387323</td>\n",
       "      <td>-0.330620</td>\n",
       "      <td>...</td>\n",
       "      <td>-0.029321</td>\n",
       "      <td>-0.500577</td>\n",
       "      <td>-0.420173</td>\n",
       "      <td>-0.352611</td>\n",
       "      <td>-0.356131</td>\n",
       "      <td>-0.291365</td>\n",
       "      <td>0.930282</td>\n",
       "      <td>0.545602</td>\n",
       "      <td>1.000000</td>\n",
       "      <td>0.125874</td>\n",
       "    </tr>\n",
       "    <tr>\n",
       "      <td>portfolio</td>\n",
       "      <td>0.751860</td>\n",
       "      <td>0.662021</td>\n",
       "      <td>0.785041</td>\n",
       "      <td>0.363191</td>\n",
       "      <td>0.393475</td>\n",
       "      <td>0.384529</td>\n",
       "      <td>0.431550</td>\n",
       "      <td>0.259891</td>\n",
       "      <td>0.812978</td>\n",
       "      <td>0.542189</td>\n",
       "      <td>...</td>\n",
       "      <td>0.547841</td>\n",
       "      <td>0.555107</td>\n",
       "      <td>0.646711</td>\n",
       "      <td>0.630347</td>\n",
       "      <td>0.621820</td>\n",
       "      <td>0.694054</td>\n",
       "      <td>0.084800</td>\n",
       "      <td>0.503855</td>\n",
       "      <td>0.125874</td>\n",
       "      <td>1.000000</td>\n",
       "    </tr>\n",
       "  </tbody>\n",
       "</table>\n",
       "<p>21 rows × 21 columns</p>\n",
       "</div>"
      ],
      "text/plain": [
       "                SPY       IWM       QQQ       GDX      GDXJ       GLD  \\\n",
       "SPY        1.000000  0.895597  0.934694  0.083030  0.134228 -0.065763   \n",
       "IWM        0.895597  1.000000  0.817163  0.092573  0.136567 -0.062198   \n",
       "QQQ        0.934694  0.817163  1.000000  0.056781  0.105791 -0.063496   \n",
       "GDX        0.083030  0.092573  0.056781  1.000000  0.947701  0.755451   \n",
       "GDXJ       0.134228  0.136567  0.105791  0.947701  1.000000  0.737495   \n",
       "GLD       -0.065763 -0.062198 -0.063496  0.755451  0.737495  1.000000   \n",
       "SLV        0.147140  0.162321  0.127332  0.642651  0.634546  0.775173   \n",
       "USO        0.364461  0.343233  0.292883  0.154289  0.153526  0.029311   \n",
       "XLK        0.941555  0.812173  0.975436  0.052387  0.099893 -0.057721   \n",
       "XLE        0.767630  0.754327  0.624670  0.180174  0.208453 -0.006358   \n",
       "XRT        0.781565  0.844548  0.698405  0.037337  0.080058 -0.093276   \n",
       "XLU        0.611474  0.489081  0.490158  0.195600  0.229474  0.146871   \n",
       "XLF        0.902053  0.863185  0.762053 -0.003922  0.053370 -0.155772   \n",
       "XLI        0.926237  0.874357  0.801778  0.078772  0.124792 -0.080244   \n",
       "XLV        0.874380  0.765060  0.828362  0.057965  0.101684 -0.055564   \n",
       "XAR        0.842673  0.859616  0.732843  0.101239  0.137473 -0.039339   \n",
       "ARKK       0.760716  0.789719  0.797257  0.077527  0.123491 -0.021323   \n",
       "TLT       -0.421056 -0.386664 -0.376214  0.234539  0.182096  0.322718   \n",
       "LQD        0.167227  0.163854  0.123991  0.250227  0.270921  0.314169   \n",
       "IEF       -0.424373 -0.396705 -0.386397  0.272406  0.225241  0.389425   \n",
       "portfolio  0.751860  0.662021  0.785041  0.363191  0.393475  0.384529   \n",
       "\n",
       "                SLV       USO       XLK       XLE  ...       XLU       XLF  \\\n",
       "SPY        0.147140  0.364461  0.941555  0.767630  ...  0.611474  0.902053   \n",
       "IWM        0.162321  0.343233  0.812173  0.754327  ...  0.489081  0.863185   \n",
       "QQQ        0.127332  0.292883  0.975436  0.624670  ...  0.490158  0.762053   \n",
       "GDX        0.642651  0.154289  0.052387  0.180174  ...  0.195600 -0.003922   \n",
       "GDXJ       0.634546  0.153526  0.099893  0.208453  ...  0.229474  0.053370   \n",
       "GLD        0.775173  0.029311 -0.057721 -0.006358  ...  0.146871 -0.155772   \n",
       "SLV        1.000000  0.197567  0.129983  0.209213  ...  0.175227  0.074258   \n",
       "USO        0.197567  1.000000  0.307482  0.622826  ...  0.110667  0.331642   \n",
       "XLK        0.129983  0.307482  1.000000  0.647774  ...  0.520872  0.785681   \n",
       "XLE        0.209213  0.622826  0.647774  1.000000  ...  0.430255  0.747948   \n",
       "XRT        0.096789  0.263489  0.691110  0.635018  ...  0.412906  0.748246   \n",
       "XLU        0.175227  0.110667  0.520872  0.430255  ...  1.000000  0.502891   \n",
       "XLF        0.074258  0.331642  0.785681  0.747948  ...  0.502891  1.000000   \n",
       "XLI        0.141820  0.349759  0.823761  0.770197  ...  0.555729  0.891763   \n",
       "XLV        0.111139  0.233154  0.798026  0.594481  ...  0.554398  0.745336   \n",
       "XAR        0.163158  0.326443  0.750566  0.704279  ...  0.503925  0.815777   \n",
       "ARKK       0.181708  0.263697  0.778445  0.569463  ...  0.330122  0.643937   \n",
       "TLT        0.146697 -0.210565 -0.380601 -0.334327  ... -0.082428 -0.483533   \n",
       "LQD        0.269874  0.039048  0.148419  0.142437  ...  0.296076  0.102524   \n",
       "IEF        0.184420 -0.205545 -0.387323 -0.330620  ... -0.029321 -0.500577   \n",
       "portfolio  0.431550  0.259891  0.812978  0.542189  ...  0.547841  0.555107   \n",
       "\n",
       "                XLI       XLV       XAR      ARKK       TLT       LQD  \\\n",
       "SPY        0.926237  0.874380  0.842673  0.760716 -0.421056  0.167227   \n",
       "IWM        0.874357  0.765060  0.859616  0.789719 -0.386664  0.163854   \n",
       "QQQ        0.801778  0.828362  0.732843  0.797257 -0.376214  0.123991   \n",
       "GDX        0.078772  0.057965  0.101239  0.077527  0.234539  0.250227   \n",
       "GDXJ       0.124792  0.101684  0.137473  0.123491  0.182096  0.270921   \n",
       "GLD       -0.080244 -0.055564 -0.039339 -0.021323  0.322718  0.314169   \n",
       "SLV        0.141820  0.111139  0.163158  0.181708  0.146697  0.269874   \n",
       "USO        0.349759  0.233154  0.326443  0.263697 -0.210565  0.039048   \n",
       "XLK        0.823761  0.798026  0.750566  0.778445 -0.380601  0.148419   \n",
       "XLE        0.770197  0.594481  0.704279  0.569463 -0.334327  0.142437   \n",
       "XRT        0.764646  0.647138  0.722236  0.677329 -0.360727  0.116071   \n",
       "XLU        0.555729  0.554398  0.503925  0.330122 -0.082428  0.296076   \n",
       "XLF        0.891763  0.745336  0.815777  0.643937 -0.483533  0.102524   \n",
       "XLI        1.000000  0.767748  0.908842  0.680541 -0.416309  0.162145   \n",
       "XLV        0.767748  1.000000  0.699969  0.672270 -0.355775  0.105292   \n",
       "XAR        0.908842  0.699969  1.000000  0.686756 -0.352504  0.186611   \n",
       "ARKK       0.680541  0.672270  0.686756  1.000000 -0.268233  0.165586   \n",
       "TLT       -0.416309 -0.355775 -0.352504 -0.268233  1.000000  0.529687   \n",
       "LQD        0.162145  0.105292  0.186611  0.165586  0.529687  1.000000   \n",
       "IEF       -0.420173 -0.352611 -0.356131 -0.291365  0.930282  0.545602   \n",
       "portfolio  0.646711  0.630347  0.621820  0.694054  0.084800  0.503855   \n",
       "\n",
       "                IEF  portfolio  \n",
       "SPY       -0.424373   0.751860  \n",
       "IWM       -0.396705   0.662021  \n",
       "QQQ       -0.386397   0.785041  \n",
       "GDX        0.272406   0.363191  \n",
       "GDXJ       0.225241   0.393475  \n",
       "GLD        0.389425   0.384529  \n",
       "SLV        0.184420   0.431550  \n",
       "USO       -0.205545   0.259891  \n",
       "XLK       -0.387323   0.812978  \n",
       "XLE       -0.330620   0.542189  \n",
       "XRT       -0.376630   0.533258  \n",
       "XLU       -0.029321   0.547841  \n",
       "XLF       -0.500577   0.555107  \n",
       "XLI       -0.420173   0.646711  \n",
       "XLV       -0.352611   0.630347  \n",
       "XAR       -0.356131   0.621820  \n",
       "ARKK      -0.291365   0.694054  \n",
       "TLT        0.930282   0.084800  \n",
       "LQD        0.545602   0.503855  \n",
       "IEF        1.000000   0.125874  \n",
       "portfolio  0.125874   1.000000  \n",
       "\n",
       "[21 rows x 21 columns]"
      ]
     },
     "execution_count": 28,
     "metadata": {},
     "output_type": "execute_result"
    }
   ],
   "source": [
    "start = dt.datetime(2014,1,1)\n",
    "end = dt.datetime(2020,6,30)\n",
    "\n",
    "holdings = {'VGT':0.174358, 'VTI':0.026624, 'GLD':0.140878, 'USO':0.012532, 'LQD':0.050989, 'IEF':0.45764}\n",
    "stocks = ['SPY', 'IWM', 'QQQ', 'GDX', 'GDXJ', 'GLD', 'SLV', 'USO', 'XLK', 'XLE', 'XRT', 'XRT', 'XLU', 'XLF','XLI','XLV', 'XAR', 'ARKK', 'TLT', 'LQD', 'IEF']\n",
    "assets = asset_dict(stocks, start, end)\n",
    "\n",
    "portfolio = sim_port(holdings, start, end)\n",
    "assets['portfolio'] = portfolio['Close']\n",
    "corr_matrix = create_corr_matrix(assets)\n",
    "corr_matrix"
   ]
  },
  {
   "cell_type": "code",
   "execution_count": null,
   "metadata": {},
   "outputs": [],
   "source": []
  },
  {
   "cell_type": "code",
   "execution_count": 14,
   "metadata": {},
   "outputs": [],
   "source": [
    "corr_matrix.to_csv('corr_matrix.csv')\n"
   ]
  },
  {
   "cell_type": "code",
   "execution_count": 19,
   "metadata": {},
   "outputs": [
    {
     "data": {
      "text/html": [
       "<div>\n",
       "<style scoped>\n",
       "    .dataframe tbody tr th:only-of-type {\n",
       "        vertical-align: middle;\n",
       "    }\n",
       "\n",
       "    .dataframe tbody tr th {\n",
       "        vertical-align: top;\n",
       "    }\n",
       "\n",
       "    .dataframe thead th {\n",
       "        text-align: right;\n",
       "    }\n",
       "</style>\n",
       "<table border=\"1\" class=\"dataframe\">\n",
       "  <thead>\n",
       "    <tr style=\"text-align: right;\">\n",
       "      <th></th>\n",
       "      <th>VGT</th>\n",
       "      <th>VTI</th>\n",
       "      <th>GLD</th>\n",
       "      <th>USO</th>\n",
       "      <th>LQD</th>\n",
       "      <th>IEF</th>\n",
       "      <th>portfolio</th>\n",
       "    </tr>\n",
       "  </thead>\n",
       "  <tbody>\n",
       "    <tr>\n",
       "      <td>VGT</td>\n",
       "      <td>1.000000</td>\n",
       "      <td>0.926073</td>\n",
       "      <td>0.013246</td>\n",
       "      <td>0.361200</td>\n",
       "      <td>0.113264</td>\n",
       "      <td>-0.417901</td>\n",
       "      <td>0.615485</td>\n",
       "    </tr>\n",
       "    <tr>\n",
       "      <td>VTI</td>\n",
       "      <td>0.926073</td>\n",
       "      <td>1.000000</td>\n",
       "      <td>0.037299</td>\n",
       "      <td>0.412618</td>\n",
       "      <td>0.135153</td>\n",
       "      <td>-0.437997</td>\n",
       "      <td>0.550017</td>\n",
       "    </tr>\n",
       "    <tr>\n",
       "      <td>GLD</td>\n",
       "      <td>0.013246</td>\n",
       "      <td>0.037299</td>\n",
       "      <td>1.000000</td>\n",
       "      <td>0.187172</td>\n",
       "      <td>0.111776</td>\n",
       "      <td>0.181682</td>\n",
       "      <td>0.592225</td>\n",
       "    </tr>\n",
       "    <tr>\n",
       "      <td>USO</td>\n",
       "      <td>0.361200</td>\n",
       "      <td>0.412618</td>\n",
       "      <td>0.187172</td>\n",
       "      <td>1.000000</td>\n",
       "      <td>0.040333</td>\n",
       "      <td>-0.246003</td>\n",
       "      <td>0.299291</td>\n",
       "    </tr>\n",
       "    <tr>\n",
       "      <td>LQD</td>\n",
       "      <td>0.113264</td>\n",
       "      <td>0.135153</td>\n",
       "      <td>0.111776</td>\n",
       "      <td>0.040333</td>\n",
       "      <td>1.000000</td>\n",
       "      <td>0.441053</td>\n",
       "      <td>0.381695</td>\n",
       "    </tr>\n",
       "    <tr>\n",
       "      <td>IEF</td>\n",
       "      <td>-0.417901</td>\n",
       "      <td>-0.437997</td>\n",
       "      <td>0.181682</td>\n",
       "      <td>-0.246003</td>\n",
       "      <td>0.441053</td>\n",
       "      <td>1.000000</td>\n",
       "      <td>0.205937</td>\n",
       "    </tr>\n",
       "    <tr>\n",
       "      <td>portfolio</td>\n",
       "      <td>0.615485</td>\n",
       "      <td>0.550017</td>\n",
       "      <td>0.592225</td>\n",
       "      <td>0.299291</td>\n",
       "      <td>0.381695</td>\n",
       "      <td>0.205937</td>\n",
       "      <td>1.000000</td>\n",
       "    </tr>\n",
       "  </tbody>\n",
       "</table>\n",
       "</div>"
      ],
      "text/plain": [
       "                VGT       VTI       GLD       USO       LQD       IEF  \\\n",
       "VGT        1.000000  0.926073  0.013246  0.361200  0.113264 -0.417901   \n",
       "VTI        0.926073  1.000000  0.037299  0.412618  0.135153 -0.437997   \n",
       "GLD        0.013246  0.037299  1.000000  0.187172  0.111776  0.181682   \n",
       "USO        0.361200  0.412618  0.187172  1.000000  0.040333 -0.246003   \n",
       "LQD        0.113264  0.135153  0.111776  0.040333  1.000000  0.441053   \n",
       "IEF       -0.417901 -0.437997  0.181682 -0.246003  0.441053  1.000000   \n",
       "portfolio  0.615485  0.550017  0.592225  0.299291  0.381695  0.205937   \n",
       "\n",
       "           portfolio  \n",
       "VGT         0.615485  \n",
       "VTI         0.550017  \n",
       "GLD         0.592225  \n",
       "USO         0.299291  \n",
       "LQD         0.381695  \n",
       "IEF         0.205937  \n",
       "portfolio   1.000000  "
      ]
     },
     "execution_count": 19,
     "metadata": {},
     "output_type": "execute_result"
    }
   ],
   "source": [
    "start = dt.datetime(2007,1,1)\n",
    "end = dt.datetime(2020,6,30)\n",
    "\n",
    "holdings = {'VGT':0.174358, 'VTI':0.026624, 'GLD':0.140878, 'USO':0.012532, 'LQD':0.050989, 'IEF':0.45764}\n",
    "stocks = list(holdings.keys())\n",
    "assets = asset_dict(stocks, start, end)\n",
    "\n",
    "portfolio = sim_port(holdings, start, end)\n",
    "assets['portfolio'] = portfolio['Close']\n",
    "corr_matrix = create_corr_matrix(assets)\n",
    "corr_matrix"
   ]
  },
  {
   "cell_type": "code",
   "execution_count": 19,
   "metadata": {},
   "outputs": [
    {
     "data": {
      "text/html": [
       "<div>\n",
       "<style scoped>\n",
       "    .dataframe tbody tr th:only-of-type {\n",
       "        vertical-align: middle;\n",
       "    }\n",
       "\n",
       "    .dataframe tbody tr th {\n",
       "        vertical-align: top;\n",
       "    }\n",
       "\n",
       "    .dataframe thead th {\n",
       "        text-align: right;\n",
       "    }\n",
       "</style>\n",
       "<table border=\"1\" class=\"dataframe\">\n",
       "  <thead>\n",
       "    <tr style=\"text-align: right;\">\n",
       "      <th></th>\n",
       "      <th>CADUSD=X</th>\n",
       "      <th>GLD</th>\n",
       "      <th>SLV</th>\n",
       "      <th>USO</th>\n",
       "      <th>VTI</th>\n",
       "    </tr>\n",
       "  </thead>\n",
       "  <tbody>\n",
       "    <tr>\n",
       "      <td>CADUSD=X</td>\n",
       "      <td>1.000000</td>\n",
       "      <td>0.184902</td>\n",
       "      <td>0.206140</td>\n",
       "      <td>0.239634</td>\n",
       "      <td>0.289892</td>\n",
       "    </tr>\n",
       "    <tr>\n",
       "      <td>GLD</td>\n",
       "      <td>0.184902</td>\n",
       "      <td>1.000000</td>\n",
       "      <td>0.805231</td>\n",
       "      <td>0.198830</td>\n",
       "      <td>0.042223</td>\n",
       "    </tr>\n",
       "    <tr>\n",
       "      <td>SLV</td>\n",
       "      <td>0.206140</td>\n",
       "      <td>0.805231</td>\n",
       "      <td>1.000000</td>\n",
       "      <td>0.313910</td>\n",
       "      <td>0.220169</td>\n",
       "    </tr>\n",
       "    <tr>\n",
       "      <td>USO</td>\n",
       "      <td>0.239634</td>\n",
       "      <td>0.198830</td>\n",
       "      <td>0.313910</td>\n",
       "      <td>1.000000</td>\n",
       "      <td>0.405425</td>\n",
       "    </tr>\n",
       "    <tr>\n",
       "      <td>VTI</td>\n",
       "      <td>0.289892</td>\n",
       "      <td>0.042223</td>\n",
       "      <td>0.220169</td>\n",
       "      <td>0.405425</td>\n",
       "      <td>1.000000</td>\n",
       "    </tr>\n",
       "  </tbody>\n",
       "</table>\n",
       "</div>"
      ],
      "text/plain": [
       "          CADUSD=X       GLD       SLV       USO       VTI\n",
       "CADUSD=X  1.000000  0.184902  0.206140  0.239634  0.289892\n",
       "GLD       0.184902  1.000000  0.805231  0.198830  0.042223\n",
       "SLV       0.206140  0.805231  1.000000  0.313910  0.220169\n",
       "USO       0.239634  0.198830  0.313910  1.000000  0.405425\n",
       "VTI       0.289892  0.042223  0.220169  0.405425  1.000000"
      ]
     },
     "execution_count": 19,
     "metadata": {},
     "output_type": "execute_result"
    }
   ],
   "source": [
    "start = dt.datetime(2005,1,1)\n",
    "end = dt.datetime(2020,6,30)\n",
    "\n",
    "fin_instr = ['CADUSD=X', 'GLD', 'SLV', 'USO','VTI']\n",
    "fin_instr_ser = asset_dict(fin_instr, start, end)\n",
    "\n",
    "corr_matrix_curr = create_corr_matrix(fin_instr_ser)\n",
    "corr_matrix_curr"
   ]
  },
  {
   "cell_type": "code",
   "execution_count": 110,
   "metadata": {},
   "outputs": [
    {
     "data": {
      "text/html": [
       "<div>\n",
       "<style scoped>\n",
       "    .dataframe tbody tr th:only-of-type {\n",
       "        vertical-align: middle;\n",
       "    }\n",
       "\n",
       "    .dataframe tbody tr th {\n",
       "        vertical-align: top;\n",
       "    }\n",
       "\n",
