{
 "cells": [
  {
   "cell_type": "code",
   "execution_count": 48,
   "metadata": {},
   "outputs": [],
   "source": [
    "import datetime as dt\n",
    "from datetime import date\n",
    "import matplotlib.pyplot as plt\n",
    "from matplotlib import style\n",
    "import pandas as pd\n",
    "import pandas_datareader.data as web\n",
    "import numpy as np\n",
    "import time\n",
    "\n",
    "\n",
    "def ticker_df(ticker, start, end):\n",
    "    source = 'yahoo'\n",
    "    df = web.DataReader(ticker, source, start, end)\n",
    "    return df.drop(['High', 'Low', 'Open', 'Adj Close', 'Volume'], axis = 1)\n",
    "\n",
    "def stock_correlation(stock1, stock2):\n",
    "    correlation = stock1['Close'].pct_change().corr(stock2['Close'].pct_change())\n",
    "    return(correlation)\n",
    "\n",
    "def get_correlation(stocks, start, end):\n",
    "    \n",
    "    assets ={}\n",
    "    assets2 = {}\n",
    "\n",
    "    for stock in stocks:\n",
    "        assets[stock] = ticker_df(stock, start, end)\n",
    "\n",
    "    for stock in stocks:\n",
    "        assets2[stock] = list(assets[stock]['Close'])\n",
    "\n",
    "    df = pd.DataFrame(data = assets2, columns = assets.keys())\n",
    "    corr_matrix = df.corr()\n",
    "\n",
    "    for stock1 in stocks:\n",
    "        for stock2 in stocks:\n",
    "            corr_matrix[stock1][stock2] = stock_correlation(assets[stock1], assets[stock2])\n",
    "    \n",
    "    return(corr_matrix)\n",
    "\n",
    "\n",
    "\n",
    "#takes holdings {'ticker':allocation}, returns simulation of portfolio\n",
    "def sim_port(holdings, start, end):\n",
    "    portfolio = ticker_df('SPY', start, end).drop('Close', axis =1)\n",
    "\n",
    "    for stock in holdings.keys():\n",
    "        portfolio[stock + ' close'] = ticker_df(stock, start, end)\n",
    "        portfolio[stock + ' pct change'] = portfolio[stock + ' close'].pct_change()\n",
    "\n",
    "    for stock in holdings.keys():\n",
    "\n",
    "        portfolio[stock + ' sim close'] = [0.0]*len(portfolio)\n",
    "        portfolio[stock + ' sim close'][0] = holdings[stock]\n",
    "\n",
    "        for i in range(1, len(portfolio)):\n",
    "            a = portfolio[stock + ' sim close'][i-1]\n",
    "            b = 1 + portfolio[stock + ' pct change'][i]\n",
    "            portfolio[stock + ' sim close'][i] =  a*b\n",
    "\n",
    "    portfolio['Close'] = [0.0]*len(portfolio)\n",
    "\n",
    "    for stock in holdings.keys():\n",
    "        for i in range(len(portfolio)):\n",
    "            portfolio['Close'][i] += portfolio[stock + ' sim close'][i]\n",
    "\n",
    "    return(portfolio)\n",
    "\n",
    "#takes list of stocks (strings), returns dictionary of time series\n",
    "def asset_dict(stocks, start, end):\n",
    "    assets = {}\n",
    "    for stock in stocks:\n",
    "        assets[stock] = ticker_df(stock,start,end)['Close']\n",
    "    return(assets)\n",
    "\n",
    "#takes list of stocks, returns dictionary of time series\n",
    "def asset_timeseries(stocks, start, end):\n",
    "    assets = {}\n",
    "    for stock in stocks:\n",
    "        assets[stock] = list(ticker_df(stock, start, end)['Close'])\n",
    "    return(assets)\n",
    "\n",
    "\n",
    "def series_corr(ser1, ser2):\n",
    "    correlation = ser1.pct_change().corr(ser2.pct_change())\n",
    "    return(correlation)\n",
    "\n",
    "def create_corr_matrix(stock_dict):\n",
    "    data = pd.DataFrame(data = stock_dict, columns = stock_dict.keys())\n",
    "    corr_matrix = data.corr()\n",
    "\n",
    "    for stock1 in stock_dict.keys():\n",
    "        for stock2 in stock_dict.keys():\n",
    "            corr_matrix[stock1][stock2] = series_corr(stock_dict[stock1], stock_dict[stock2])\n",
    "    return(corr_matrix)\n"
   ]
  },
  {
   "cell_type": "code",
   "execution_count": 72,
   "metadata": {},
   "outputs": [
    {
     "data": {
      "text/html": [
       "<div>\n",
       "<style scoped>\n",
       "    .dataframe tbody tr th:only-of-type {\n",
       "        vertical-align: middle;\n",
       "    }\n",
       "\n",
       "    .dataframe tbody tr th {\n",
       "        vertical-align: top;\n",
       "    }\n",
       "\n",
       "    .dataframe thead th {\n",
       "        text-align: right;\n",
       "    }\n",
       "</style>\n",
       "<table border=\"1\" class=\"dataframe\">\n",
       "  <thead>\n",
       "    <tr style=\"text-align: right;\">\n",
       "      <th></th>\n",
       "      <th>SPY</th>\n",
       "      <th>IWM</th>\n",
       "      <th>QQQ</th>\n",
       "      <th>GDX</th>\n",
       "      <th>GDXJ</th>\n",
       "      <th>GLD</th>\n",
       "      <th>SLV</th>\n",
       "      <th>USO</th>\n",
       "      <th>XLK</th>\n",
       "      <th>XLE</th>\n",
       "      <th>XRT</th>\n",
       "      <th>XLU</th>\n",
       "      <th>XLF</th>\n",
       "      <th>XLI</th>\n",
       "      <th>XLV</th>\n",
       "      <th>XAR</th>\n",
       "      <th>ARKK</th>\n",
       "      <th>XSU.TO</th>\n",
       "      <th>portfolio</th>\n",
       "    </tr>\n",
       "  </thead>\n",
       "  <tbody>\n",
       "    <tr>\n",
       "      <td>SPY</td>\n",
       "      <td>1.000000</td>\n",
       "      <td>0.901847</td>\n",
       "      <td>0.935922</td>\n",
       "      <td>0.081083</td>\n",
       "      <td>0.140907</td>\n",
       "      <td>-0.056771</td>\n",
       "      <td>0.165960</td>\n",
       "      <td>0.378633</td>\n",
       "      <td>0.943215</td>\n",
       "      <td>0.773610</td>\n",
       "      <td>0.784478</td>\n",
       "      <td>0.625923</td>\n",
       "      <td>0.902025</td>\n",
       "      <td>0.926928</td>\n",
       "      <td>0.878083</td>\n",
       "      <td>0.848603</td>\n",
       "      <td>0.761728</td>\n",
       "      <td>0.880655</td>\n",
       "      <td>0.928252</td>\n",
       "    </tr>\n",
       "    <tr>\n",
       "      <td>IWM</td>\n",
       "      <td>0.901847</td>\n",
       "      <td>1.000000</td>\n",
       "      <td>0.817599</td>\n",
       "      <td>0.084537</td>\n",
       "      <td>0.138616</td>\n",
       "      <td>-0.057306</td>\n",
       "      <td>0.179606</td>\n",
       "      <td>0.357117</td>\n",
       "      <td>0.817076</td>\n",
       "      <td>0.767254</td>\n",
       "      <td>0.850378</td>\n",
       "      <td>0.510905</td>\n",
       "      <td>0.872527</td>\n",
       "      <td>0.881299</td>\n",
       "      <td>0.772601</td>\n",
       "      <td>0.868747</td>\n",
       "      <td>0.792791</td>\n",
       "      <td>0.972041</td>\n",
       "      <td>0.912380</td>\n",
       "    </tr>\n",
       "    <tr>\n",
       "      <td>QQQ</td>\n",
       "      <td>0.935922</td>\n",
       "      <td>0.817599</td>\n",
       "      <td>1.000000</td>\n",
       "      <td>0.051894</td>\n",
       "      <td>0.110603</td>\n",
       "      <td>-0.054475</td>\n",
       "      <td>0.144819</td>\n",
       "      <td>0.308289</td>\n",
       "      <td>0.977861</td>\n",
       "      <td>0.631612</td>\n",
       "      <td>0.696720</td>\n",
       "      <td>0.506058</td>\n",
       "      <td>0.760708</td>\n",
       "      <td>0.801708</td>\n",
       "      <td>0.829209</td>\n",
       "      <td>0.734721</td>\n",
       "      <td>0.797392</td>\n",
       "      <td>0.800377</td>\n",
       "      <td>0.911626</td>\n",
       "    </tr>\n",
       "    <tr>\n",
       "      <td>GDX</td>\n",
       "      <td>0.081083</td>\n",
       "      <td>0.084537</td>\n",
       "      <td>0.051894</td>\n",
       "      <td>1.000000</td>\n",
       "      <td>0.951425</td>\n",
       "      <td>0.755357</td>\n",
       "      <td>0.633158</td>\n",
       "      <td>0.148195</td>\n",
       "      <td>0.050723</td>\n",
       "      <td>0.171530</td>\n",
       "      <td>0.039304</td>\n",
       "      <td>0.207333</td>\n",
       "      <td>-0.006613</td>\n",
       "      <td>0.080245</td>\n",
       "      <td>0.056321</td>\n",
       "      <td>0.110923</td>\n",
       "      <td>0.074283</td>\n",
       "      <td>0.096622</td>\n",
       "      <td>0.184372</td>\n",
       "    </tr>\n",
       "    <tr>\n",
       "      <td>GDXJ</td>\n",
       "      <td>0.140907</td>\n",
       "      <td>0.138616</td>\n",
       "      <td>0.110603</td>\n",
       "      <td>0.951425</td>\n",
       "      <td>1.000000</td>\n",
       "      <td>0.737030</td>\n",
       "      <td>0.627762</td>\n",
       "      <td>0.149633</td>\n",
       "      <td>0.107460</td>\n",
       "      <td>0.205583</td>\n",
       "      <td>0.092687</td>\n",
       "      <td>0.250332</td>\n",
       "      <td>0.056991</td>\n",
       "      <td>0.134201</td>\n",
       "      <td>0.106086</td>\n",
       "      <td>0.154597</td>\n",
       "      <td>0.121440</td>\n",
       "      <td>0.153691</td>\n",
       "      <td>0.240766</td>\n",
       "    </tr>\n",
       "    <tr>\n",
       "      <td>GLD</td>\n",
       "      <td>-0.056771</td>\n",
       "      <td>-0.057306</td>\n",
       "      <td>-0.054475</td>\n",
       "      <td>0.755357</td>\n",
       "      <td>0.737030</td>\n",
       "      <td>1.000000</td>\n",
       "      <td>0.766109</td>\n",
       "      <td>0.007532</td>\n",
       "      <td>-0.047268</td>\n",
       "      <td>-0.015975</td>\n",
       "      <td>-0.083399</td>\n",
       "      <td>0.166693</td>\n",
       "      <td>-0.151811</td>\n",
       "      <td>-0.071835</td>\n",
       "      <td>-0.040891</td>\n",
       "      <td>-0.025383</td>\n",
       "      <td>-0.024167</td>\n",
       "      <td>-0.030854</td>\n",
       "      <td>0.024542</td>\n",
       "    </tr>\n",
       "    <tr>\n",
       "      <td>SLV</td>\n",
       "      <td>0.165960</td>\n",
       "      <td>0.179606</td>\n",
       "      <td>0.144819</td>\n",
       "      <td>0.633158</td>\n",
       "      <td>0.627762</td>\n",
       "      <td>0.766109</td>\n",
       "      <td>1.000000</td>\n",
       "      <td>0.190252</td>\n",
       "      <td>0.149658</td>\n",
       "      <td>0.211815</td>\n",
       "      <td>0.121558</td>\n",
       "      <td>0.202900</td>\n",
       "      <td>0.089141</td>\n",
       "      <td>0.161786</td>\n",
       "      <td>0.131524</td>\n",
       "      <td>0.187696</td>\n",
       "      <td>0.184817</td>\n",
       "      <td>0.197506</td>\n",
       "      <td>0.250682</td>\n",
       "    </tr>\n",
       "    <tr>\n",
       "      <td>USO</td>\n",
       "      <td>0.378633</td>\n",
       "      <td>0.357117</td>\n",
       "      <td>0.308289</td>\n",
       "      <td>0.148195</td>\n",
       "      <td>0.149633</td>\n",
       "      <td>0.007532</td>\n",
       "      <td>0.190252</td>\n",
       "      <td>1.000000</td>\n",
       "      <td>0.321061</td>\n",
       "      <td>0.626340</td>\n",
       "      <td>0.280387</td>\n",
       "      <td>0.116741</td>\n",
       "      <td>0.346334</td>\n",
       "      <td>0.363764</td>\n",
       "      <td>0.251513</td>\n",
       "      <td>0.342842</td>\n",
       "      <td>0.267796</td>\n",
       "      <td>0.341340</td>\n",
       "      <td>0.362046</td>\n",
       "    </tr>\n",
       "    <tr>\n",
       "      <td>XLK</td>\n",
       "      <td>0.943215</td>\n",
       "      <td>0.817076</td>\n",
       "      <td>0.977861</td>\n",
       "      <td>0.050723</td>\n",
       "      <td>0.107460</td>\n",
       "      <td>-0.047268</td>\n",
       "      <td>0.149658</td>\n",
       "      <td>0.321061</td>\n",
       "      <td>1.000000</td>\n",
       "      <td>0.655206</td>\n",
       "      <td>0.692238</td>\n",
       "      <td>0.534804</td>\n",
       "      <td>0.784741</td>\n",
       "      <td>0.824845</td>\n",
       "      <td>0.805184</td>\n",
       "      <td>0.755098</td>\n",
       "      <td>0.778624</td>\n",
       "      <td>0.798728</td>\n",
       "      <td>0.902740</td>\n",
       "    </tr>\n",
       "    <tr>\n",
       "      <td>XLE</td>\n",
       "      <td>0.773610</td>\n",
       "      <td>0.767254</td>\n",
       "      <td>0.631612</td>\n",
       "      <td>0.171530</td>\n",
       "      <td>0.205583</td>\n",
       "      <td>-0.015975</td>\n",
       "      <td>0.211815</td>\n",
       "      <td>0.626340</td>\n",
       "      <td>0.655206</td>\n",
       "      <td>1.000000</td>\n",
       "      <td>0.648199</td>\n",
       "      <td>0.441470</td>\n",
       "      <td>0.761526</td>\n",
       "      <td>0.779056</td>\n",
       "      <td>0.606881</td>\n",
       "      <td>0.721107</td>\n",
       "      <td>0.575273</td>\n",
       "      <td>0.743866</td>\n",
       "      <td>0.728521</td>\n",
       "    </tr>\n",
       "    <tr>\n",
       "      <td>XRT</td>\n",
       "      <td>0.784478</td>\n",
       "      <td>0.850378</td>\n",
       "      <td>0.696720</td>\n",
       "      <td>0.039304</td>\n",
       "      <td>0.092687</td>\n",
       "      <td>-0.083399</td>\n",
       "      <td>0.121558</td>\n",
       "      <td>0.280387</td>\n",
       "      <td>0.692238</td>\n",
       "      <td>0.648199</td>\n",
       "      <td>1.000000</td>\n",
       "      <td>0.432241</td>\n",
       "      <td>0.753858</td>\n",
       "      <td>0.770182</td>\n",
       "      <td>0.653395</td>\n",
       "      <td>0.733093</td>\n",
       "      <td>0.680758</td>\n",
       "      <td>0.830316</td>\n",
       "      <td>0.779622</td>\n",
       "    </tr>\n",
       "    <tr>\n",
       "      <td>XLU</td>\n",
       "      <td>0.625923</td>\n",
       "      <td>0.510905</td>\n",
       "      <td>0.506058</td>\n",
       "      <td>0.207333</td>\n",
       "      <td>0.250332</td>\n",
       "      <td>0.166693</td>\n",
       "      <td>0.202900</td>\n",
       "      <td>0.116741</td>\n",
       "      <td>0.534804</td>\n",
       "      <td>0.441470</td>\n",
       "      <td>0.432241</td>\n",
       "      <td>1.000000</td>\n",
       "      <td>0.514068</td>\n",
       "      <td>0.573888</td>\n",
       "      <td>0.573521</td>\n",
       "      <td>0.526705</td>\n",
       "      <td>0.332579</td>\n",
       "      <td>0.518427</td>\n",
       "      <td>0.522059</td>\n",
       "    </tr>\n",
       "    <tr>\n",
       "      <td>XLF</td>\n",
       "      <td>0.902025</td>\n",
       "      <td>0.872527</td>\n",
       "      <td>0.760708</td>\n",
       "      <td>-0.006613</td>\n",
       "      <td>0.056991</td>\n",
       "      <td>-0.151811</td>\n",
       "      <td>0.089141</td>\n",
       "      <td>0.346334</td>\n",
       "      <td>0.784741</td>\n",
       "      <td>0.761526</td>\n",
       "      <td>0.753858</td>\n",
       "      <td>0.514068</td>\n",
       "      <td>1.000000</td>\n",
       "      <td>0.895469</td>\n",
       "      <td>0.748266</td>\n",
       "      <td>0.823465</td>\n",
       "      <td>0.645078</td>\n",
       "      <td>0.849573</td>\n",
       "      <td>0.821785</td>\n",
       "    </tr>\n",
       "    <tr>\n",
       "      <td>XLI</td>\n",
       "      <td>0.926928</td>\n",
       "      <td>0.881299</td>\n",
       "      <td>0.801708</td>\n",
       "      <td>0.080245</td>\n",
       "      <td>0.134201</td>\n",
       "      <td>-0.071835</td>\n",
       "      <td>0.161786</td>\n",
       "      <td>0.363764</td>\n",
       "      <td>0.824845</td>\n",
       "      <td>0.779056</td>\n",
       "      <td>0.770182</td>\n",
       "      <td>0.573888</td>\n",
       "      <td>0.895469</td>\n",
       "      <td>1.000000</td>\n",
       "      <td>0.772534</td>\n",
       "      <td>0.914912</td>\n",
       "      <td>0.681403</td>\n",
       "      <td>0.859730</td>\n",
       "      <td>0.851680</td>\n",
       "    </tr>\n",
       "    <tr>\n",
       "      <td>XLV</td>\n",
       "      <td>0.878083</td>\n",
       "      <td>0.772601</td>\n",
       "      <td>0.829209</td>\n",
       "      <td>0.056321</td>\n",
       "      <td>0.106086</td>\n",
       "      <td>-0.040891</td>\n",
       "      <td>0.131524</td>\n",
       "      <td>0.251513</td>\n",
       "      <td>0.805184</td>\n",
       "      <td>0.606881</td>\n",
       "      <td>0.653395</td>\n",
       "      <td>0.573521</td>\n",
       "      <td>0.748266</td>\n",
       "      <td>0.772534</td>\n",
       "      <td>1.000000</td>\n",
       "      <td>0.706047</td>\n",
       "      <td>0.674783</td>\n",
       "      <td>0.757103</td>\n",
       "      <td>0.807477</td>\n",
       "    </tr>\n",
       "    <tr>\n",
       "      <td>XAR</td>\n",
       "      <td>0.848603</td>\n",
       "      <td>0.868747</td>\n",
       "      <td>0.734721</td>\n",
       "      <td>0.110923</td>\n",
       "      <td>0.154597</td>\n",
       "      <td>-0.025383</td>\n",
       "      <td>0.187696</td>\n",
       "      <td>0.342842</td>\n",
       "      <td>0.755098</td>\n",
       "      <td>0.721107</td>\n",
       "      <td>0.733093</td>\n",
       "      <td>0.526705</td>\n",
       "      <td>0.823465</td>\n",
       "      <td>0.914912</td>\n",
       "      <td>0.706047</td>\n",
       "      <td>1.000000</td>\n",
       "      <td>0.687996</td>\n",
       "      <td>0.851380</td>\n",
       "      <td>0.821654</td>\n",
       "    </tr>\n",
       "    <tr>\n",
       "      <td>ARKK</td>\n",
       "      <td>0.761728</td>\n",
       "      <td>0.792791</td>\n",
       "      <td>0.797392</td>\n",
       "      <td>0.074283</td>\n",
       "      <td>0.121440</td>\n",
       "      <td>-0.024167</td>\n",
       "      <td>0.184817</td>\n",
       "      <td>0.267796</td>\n",
       "      <td>0.778624</td>\n",
       "      <td>0.575273</td>\n",
       "      <td>0.680758</td>\n",
       "      <td>0.332579</td>\n",
       "      <td>0.645078</td>\n",
       "      <td>0.681403</td>\n",
       "      <td>0.674783</td>\n",
       "      <td>0.687996</td>\n",
       "      <td>1.000000</td>\n",
       "      <td>0.774959</td>\n",
       "      <td>0.862334</td>\n",
       "    </tr>\n",
       "    <tr>\n",
       "      <td>XSU.TO</td>\n",
       "      <td>0.880655</td>\n",
       "      <td>0.972041</td>\n",
       "      <td>0.800377</td>\n",
       "      <td>0.096622</td>\n",
       "      <td>0.153691</td>\n",
       "      <td>-0.030854</td>\n",
       "      <td>0.197506</td>\n",
       "      <td>0.341340</td>\n",
       "      <td>0.798728</td>\n",
       "      <td>0.743866</td>\n",
       "      <td>0.830316</td>\n",
       "      <td>0.518427</td>\n",
       "      <td>0.849573</td>\n",
       "      <td>0.859730</td>\n",
       "      <td>0.757103</td>\n",
       "      <td>0.851380</td>\n",
       "      <td>0.774959</td>\n",
       "      <td>1.000000</td>\n",
       "      <td>0.932960</td>\n",
       "    </tr>\n",
       "    <tr>\n",
       "      <td>portfolio</td>\n",
       "      <td>0.928252</td>\n",
       "      <td>0.912380</td>\n",
       "      <td>0.911626</td>\n",
       "      <td>0.184372</td>\n",
       "      <td>0.240766</td>\n",
       "      <td>0.024542</td>\n",
       "      <td>0.250682</td>\n",
       "      <td>0.362046</td>\n",
       "      <td>0.902740</td>\n",
       "      <td>0.728521</td>\n",
       "      <td>0.779622</td>\n",
       "      <td>0.522059</td>\n",
       "      <td>0.821785</td>\n",
       "      <td>0.851680</td>\n",
       "      <td>0.807477</td>\n",
       "      <td>0.821654</td>\n",
       "      <td>0.862334</td>\n",
       "      <td>0.932960</td>\n",
       "      <td>1.000000</td>\n",
       "    </tr>\n",
       "  </tbody>\n",
       "</table>\n",
       "</div>"
      ],
      "text/plain": [
       "                SPY       IWM       QQQ       GDX      GDXJ       GLD  \\\n",
       "SPY        1.000000  0.901847  0.935922  0.081083  0.140907 -0.056771   \n",
       "IWM        0.901847  1.000000  0.817599  0.084537  0.138616 -0.057306   \n",
       "QQQ        0.935922  0.817599  1.000000  0.051894  0.110603 -0.054475   \n",
       "GDX        0.081083  0.084537  0.051894  1.000000  0.951425  0.755357   \n",
       "GDXJ       0.140907  0.138616  0.110603  0.951425  1.000000  0.737030   \n",
       "GLD       -0.056771 -0.057306 -0.054475  0.755357  0.737030  1.000000   \n",
       "SLV        0.165960  0.179606  0.144819  0.633158  0.627762  0.766109   \n",
       "USO        0.378633  0.357117  0.308289  0.148195  0.149633  0.007532   \n",
       "XLK        0.943215  0.817076  0.977861  0.050723  0.107460 -0.047268   \n",
       "XLE        0.773610  0.767254  0.631612  0.171530  0.205583 -0.015975   \n",
       "XRT        0.784478  0.850378  0.696720  0.039304  0.092687 -0.083399   \n",
       "XLU        0.625923  0.510905  0.506058  0.207333  0.250332  0.166693   \n",
       "XLF        0.902025  0.872527  0.760708 -0.006613  0.056991 -0.151811   \n",
       "XLI        0.926928  0.881299  0.801708  0.080245  0.134201 -0.071835   \n",
       "XLV        0.878083  0.772601  0.829209  0.056321  0.106086 -0.040891   \n",
       "XAR        0.848603  0.868747  0.734721  0.110923  0.154597 -0.025383   \n",
       "ARKK       0.761728  0.792791  0.797392  0.074283  0.121440 -0.024167   \n",
       "XSU.TO     0.880655  0.972041  0.800377  0.096622  0.153691 -0.030854   \n",
       "portfolio  0.928252  0.912380  0.911626  0.184372  0.240766  0.024542   \n",
       "\n",
       "                SLV       USO       XLK       XLE       XRT       XLU  \\\n",
       "SPY        0.165960  0.378633  0.943215  0.773610  0.784478  0.625923   \n",
       "IWM        0.179606  0.357117  0.817076  0.767254  0.850378  0.510905   \n",
       "QQQ        0.144819  0.308289  0.977861  0.631612  0.696720  0.506058   \n",
       "GDX        0.633158  0.148195  0.050723  0.171530  0.039304  0.207333   \n",
       "GDXJ       0.627762  0.149633  0.107460  0.205583  0.092687  0.250332   \n",
       "GLD        0.766109  0.007532 -0.047268 -0.015975 -0.083399  0.166693   \n",
       "SLV        1.000000  0.190252  0.149658  0.211815  0.121558  0.202900   \n",
       "USO        0.190252  1.000000  0.321061  0.626340  0.280387  0.116741   \n",
       "XLK        0.149658  0.321061  1.000000  0.655206  0.692238  0.534804   \n",
       "XLE        0.211815  0.626340  0.655206  1.000000  0.648199  0.441470   \n",
       "XRT        0.121558  0.280387  0.692238  0.648199  1.000000  0.432241   \n",
       "XLU        0.202900  0.116741  0.534804  0.441470  0.432241  1.000000   \n",
       "XLF        0.089141  0.346334  0.784741  0.761526  0.753858  0.514068   \n",
       "XLI        0.161786  0.363764  0.824845  0.779056  0.770182  0.573888   \n",
       "XLV        0.131524  0.251513  0.805184  0.606881  0.653395  0.573521   \n",
       "XAR        0.187696  0.342842  0.755098  0.721107  0.733093  0.526705   \n",
       "ARKK       0.184817  0.267796  0.778624  0.575273  0.680758  0.332579   \n",
       "XSU.TO     0.197506  0.341340  0.798728  0.743866  0.830316  0.518427   \n",
       "portfolio  0.250682  0.362046  0.902740  0.728521  0.779622  0.522059   \n",
       "\n",
       "                XLF       XLI       XLV       XAR      ARKK    XSU.TO  \\\n",
       "SPY        0.902025  0.926928  0.878083  0.848603  0.761728  0.880655   \n",
       "IWM        0.872527  0.881299  0.772601  0.868747  0.792791  0.972041   \n",
       "QQQ        0.760708  0.801708  0.829209  0.734721  0.797392  0.800377   \n",
       "GDX       -0.006613  0.080245  0.056321  0.110923  0.074283  0.096622   \n",
       "GDXJ       0.056991  0.134201  0.106086  0.154597  0.121440  0.153691   \n",
       "GLD       -0.151811 -0.071835 -0.040891 -0.025383 -0.024167 -0.030854   \n",
       "SLV        0.089141  0.161786  0.131524  0.187696  0.184817  0.197506   \n",
       "USO        0.346334  0.363764  0.251513  0.342842  0.267796  0.341340   \n",
       "XLK        0.784741  0.824845  0.805184  0.755098  0.778624  0.798728   \n",
       "XLE        0.761526  0.779056  0.606881  0.721107  0.575273  0.743866   \n",
       "XRT        0.753858  0.770182  0.653395  0.733093  0.680758  0.830316   \n",
       "XLU        0.514068  0.573888  0.573521  0.526705  0.332579  0.518427   \n",
       "XLF        1.000000  0.895469  0.748266  0.823465  0.645078  0.849573   \n",
       "XLI        0.895469  1.000000  0.772534  0.914912  0.681403  0.859730   \n",
       "XLV        0.748266  0.772534  1.000000  0.706047  0.674783  0.757103   \n",
       "XAR        0.823465  0.914912  0.706047  1.000000  0.687996  0.851380   \n",
       "ARKK       0.645078  0.681403  0.674783  0.687996  1.000000  0.774959   \n",
       "XSU.TO     0.849573  0.859730  0.757103  0.851380  0.774959  1.000000   \n",
       "portfolio  0.821785  0.851680  0.807477  0.821654  0.862334  0.932960   \n",
       "\n",
       "           portfolio  \n",
       "SPY         0.928252  \n",
       "IWM         0.912380  \n",
       "QQQ         0.911626  \n",
       "GDX         0.184372  \n",
       "GDXJ        0.240766  \n",
       "GLD         0.024542  \n",
       "SLV         0.250682  \n",
       "USO         0.362046  \n",
       "XLK         0.902740  \n",
       "XLE         0.728521  \n",
       "XRT         0.779622  \n",
       "XLU         0.522059  \n",
       "XLF         0.821785  \n",
       "XLI         0.851680  \n",
       "XLV         0.807477  \n",
       "XAR         0.821654  \n",
       "ARKK        0.862334  \n",
       "XSU.TO      0.932960  \n",
       "portfolio   1.000000  "
      ]
     },
     "execution_count": 72,
     "metadata": {},
     "output_type": "execute_result"
    }
   ],
   "source": [
    "start = dt.datetime(2015,1,1)\n",
    "end = dt.datetime(2020,6,30)\n",
    "\n",
    "holdings= {'XSU.TO':30.0, 'XQQ.TO':25.0, 'VEF.TO':30.0, 'GDX': 5.0, 'ARKK':10.0,}\n",
    "stocks = ['SPY', 'IWM', 'QQQ', 'GDX', 'GDXJ', 'GLD', 'SLV', 'USO', 'XLK', 'XLE', 'XRT', 'XRT', 'XLU', 'XLF','XLI','XLV', 'XAR', 'ARKK', 'XSU.TO']\n",
    "assets = asset_dict(stocks, start, end)\n",
    "\n",
    "portfolio = sim_port(holdings, start, end)\n",
    "assets['portfolio'] = portfolio['Close']\n",
    "create_corr_matrix(assets)"
   ]
  },
  {
   "cell_type": "code",
   "execution_count": null,
   "metadata": {},
   "outputs": [],
   "source": []
  },
  {
   "cell_type": "code",
   "execution_count": null,
   "metadata": {},
   "outputs": [],
   "source": []
  }
 ],
 "metadata": {
  "kernelspec": {
   "display_name": "Python 3",
   "language": "python",
   "name": "python3"
  },
  "language_info": {
   "codemirror_mode": {
    "name": "ipython",
    "version": 3
   },
   "file_extension": ".py",
   "mimetype": "text/x-python",
   "name": "python",
   "nbconvert_exporter": "python",
   "pygments_lexer": "ipython3",
   "version": "3.6.8"
  }
 },
 "nbformat": 4,
 "nbformat_minor": 4
}
