{
 "cells": [
  {
   "cell_type": "code",
   "execution_count": 54,
   "metadata": {},
   "outputs": [],
   "source": [
    "import datetime as dt\n",
    "from datetime import date\n",
    "import matplotlib.pyplot as plt\n",
    "from matplotlib import style\n",
    "import pandas as pd\n",
    "import pandas_datareader.data as web\n",
    "import numpy as np\n",
    "import time\n",
    "\n",
    "\n",
    "def ticker_df(ticker, start, end):\n",
    "    source = 'yahoo'\n",
    "    df = web.DataReader(ticker, source, start, end)\n",
    "    return df.drop(['High', 'Low', 'Open', 'Adj Close', 'Volume'], axis = 1)\n",
    "\n",
    "def stock_correlation(ticker1, ticker2, start, end):\n",
    "    stock1 = ticker_df(ticker1, start, end)\n",
    "    stock2 = ticker_df(ticker2, start, end)\n",
    "    correlation = stock1['Close'].pct_change().corr(stock2['Close'].pct_change())\n",
    "    return(correlation)\n"
   ]
  },
  {
   "cell_type": "code",
   "execution_count": 68,
   "metadata": {},
   "outputs": [],
   "source": [
    "def stock_correlation(stock1, stock2):\n",
    "    correlation = stock1['Close'].pct_change().corr(stock2['Close'].pct_change())\n",
    "    return(correlation)"
   ]
  },
  {
   "cell_type": "code",
   "execution_count": 84,
   "metadata": {},
   "outputs": [],
   "source": [
    "start = dt.datetime(2018,1,1)\n",
    "end = dt.datetime(2020,7,7)\n",
    "ETFs = ['SPY', 'IWM', 'QQQ', 'GDX', 'GDXJ', 'GLD', 'SLV', 'USO', 'XLK', 'XLE', 'XRT', 'XRT', 'XLU', 'XLF']\n",
    "stocks = ['MU', 'BA', 'ENPH', 'AMD', 'TSLA', 'BAC', 'JPM']\n",
    "assets ={}\n",
    "assets2 = {}\n",
    "\n",
    "for ETF in ETFs:\n",
    "    assets[ETF] = ticker_df(ETF, start, end)\n",
    "\n",
    "for ETF in ETFs:\n",
    "    assets2[ETF] = list(assets[ETF]['Close'])\n",
    "\n",
    "df = pd.DataFrame(data = assets2, columns = assets.keys())\n",
    "corr_matrix = df.corr()\n",
    "\n",
    "for ETF1 in ETFs:\n",
    "    for ETF2 in ETFs:\n",
    "        corr_matrix[ETF1][ETF2] = stock_correlation(assets[ETF1], assets[ETF2])"
   ]
  },
  {
   "cell_type": "code",
   "execution_count": 85,
   "metadata": {},
   "outputs": [
    {
     "data": {
      "text/html": [
       "<div>\n",
       "<style scoped>\n",
       "    .dataframe tbody tr th:only-of-type {\n",
       "        vertical-align: middle;\n",
       "    }\n",
       "\n",
       "    .dataframe tbody tr th {\n",
       "        vertical-align: top;\n",
       "    }\n",
       "\n",
       "    .dataframe thead th {\n",
       "        text-align: right;\n",
       "    }\n",
       "</style>\n",
       "<table border=\"1\" class=\"dataframe\">\n",
       "  <thead>\n",
       "    <tr style=\"text-align: right;\">\n",
       "      <th></th>\n",
       "      <th>SPY</th>\n",
       "      <th>IWM</th>\n",
       "      <th>QQQ</th>\n",
       "      <th>GDX</th>\n",
       "      <th>GDXJ</th>\n",
       "      <th>GLD</th>\n",
       "      <th>SLV</th>\n",
       "      <th>USO</th>\n",
       "      <th>XLK</th>\n",
       "      <th>XLE</th>\n",
       "      <th>XRT</th>\n",
       "      <th>XLU</th>\n",
       "      <th>XLF</th>\n",
       "    </tr>\n",
       "  </thead>\n",
       "  <tbody>\n",
       "    <tr>\n",
       "      <td>SPY</td>\n",
       "      <td>1.000000</td>\n",
       "      <td>0.917689</td>\n",
       "      <td>0.947217</td>\n",
       "      <td>0.101234</td>\n",
       "      <td>0.200278</td>\n",
       "      <td>0.027448</td>\n",
       "      <td>0.241528</td>\n",
       "      <td>0.399859</td>\n",
       "      <td>0.955246</td>\n",
       "      <td>0.804302</td>\n",
       "      <td>0.833209</td>\n",
       "      <td>0.696182</td>\n",
       "      <td>0.917887</td>\n",
       "    </tr>\n",
       "    <tr>\n",
       "      <td>IWM</td>\n",
       "      <td>0.917689</td>\n",
       "      <td>1.000000</td>\n",
       "      <td>0.839013</td>\n",
       "      <td>0.117185</td>\n",
       "      <td>0.206882</td>\n",
       "      <td>0.031732</td>\n",
       "      <td>0.275883</td>\n",
       "      <td>0.377697</td>\n",
       "      <td>0.843867</td>\n",
       "      <td>0.828902</td>\n",
       "      <td>0.892533</td>\n",
       "      <td>0.610986</td>\n",
       "      <td>0.898629</td>\n",
       "    </tr>\n",
       "    <tr>\n",
       "      <td>QQQ</td>\n",
       "      <td>0.947217</td>\n",
       "      <td>0.839013</td>\n",
       "      <td>1.000000</td>\n",
       "      <td>0.075948</td>\n",
       "      <td>0.171765</td>\n",
       "      <td>0.034475</td>\n",
       "      <td>0.230178</td>\n",
       "      <td>0.352865</td>\n",
       "      <td>0.982011</td>\n",
       "      <td>0.680796</td>\n",
       "      <td>0.758116</td>\n",
       "      <td>0.574074</td>\n",
       "      <td>0.792264</td>\n",
       "    </tr>\n",
       "    <tr>\n",
       "      <td>GDX</td>\n",
       "      <td>0.101234</td>\n",
       "      <td>0.117185</td>\n",
       "      <td>0.075948</td>\n",
       "      <td>1.000000</td>\n",
       "      <td>0.951964</td>\n",
       "      <td>0.689546</td>\n",
       "      <td>0.549139</td>\n",
       "      <td>0.105775</td>\n",
       "      <td>0.057174</td>\n",
       "      <td>0.142957</td>\n",
       "      <td>0.094093</td>\n",
       "      <td>0.181447</td>\n",
       "      <td>0.059256</td>\n",
       "    </tr>\n",
       "    <tr>\n",
       "      <td>GDXJ</td>\n",
       "      <td>0.200278</td>\n",
       "      <td>0.206882</td>\n",
       "      <td>0.171765</td>\n",
       "      <td>0.951964</td>\n",
       "      <td>1.000000</td>\n",
       "      <td>0.690510</td>\n",
       "      <td>0.557360</td>\n",
       "      <td>0.112589</td>\n",
       "      <td>0.153311</td>\n",
       "      <td>0.203598</td>\n",
       "      <td>0.187673</td>\n",
       "      <td>0.276782</td>\n",
       "      <td>0.154042</td>\n",
       "    </tr>\n",
       "    <tr>\n",
       "      <td>GLD</td>\n",
       "      <td>0.027448</td>\n",
       "      <td>0.031732</td>\n",
       "      <td>0.034475</td>\n",
       "      <td>0.689546</td>\n",
       "      <td>0.690510</td>\n",
       "      <td>1.000000</td>\n",
       "      <td>0.762517</td>\n",
       "      <td>-0.020073</td>\n",
       "      <td>0.021739</td>\n",
       "      <td>0.002652</td>\n",
       "      <td>-0.013912</td>\n",
       "      <td>0.179682</td>\n",
       "      <td>-0.032740</td>\n",
       "    </tr>\n",
       "    <tr>\n",
       "      <td>SLV</td>\n",
       "      <td>0.241528</td>\n",
       "      <td>0.275883</td>\n",
       "      <td>0.230178</td>\n",
       "      <td>0.549139</td>\n",
       "      <td>0.557360</td>\n",
       "      <td>0.762517</td>\n",
       "      <td>1.000000</td>\n",
       "      <td>0.208020</td>\n",
       "      <td>0.222577</td>\n",
       "      <td>0.257838</td>\n",
       "      <td>0.213383</td>\n",
       "      <td>0.231704</td>\n",
       "      <td>0.193574</td>\n",
       "    </tr>\n",
       "    <tr>\n",
       "      <td>USO</td>\n",
       "      <td>0.399859</td>\n",
       "      <td>0.377697</td>\n",
       "      <td>0.352865</td>\n",
       "      <td>0.105775</td>\n",
       "      <td>0.112589</td>\n",
       "      <td>-0.020073</td>\n",
       "      <td>0.208020</td>\n",
       "      <td>1.000000</td>\n",
       "      <td>0.360969</td>\n",
       "      <td>0.576703</td>\n",
       "      <td>0.314931</td>\n",
       "      <td>0.146230</td>\n",
       "      <td>0.377860</td>\n",
       "    </tr>\n",
       "    <tr>\n",
       "      <td>XLK</td>\n",
       "      <td>0.955246</td>\n",
       "      <td>0.843867</td>\n",
       "      <td>0.982011</td>\n",
       "      <td>0.057174</td>\n",
       "      <td>0.153311</td>\n",
       "      <td>0.021739</td>\n",
       "      <td>0.222577</td>\n",
       "      <td>0.360969</td>\n",
       "      <td>1.000000</td>\n",
       "      <td>0.704558</td>\n",
       "      <td>0.758415</td>\n",
       "      <td>0.594691</td>\n",
       "      <td>0.819797</td>\n",
       "    </tr>\n",
       "    <tr>\n",
       "      <td>XLE</td>\n",
       "      <td>0.804302</td>\n",
       "      <td>0.828902</td>\n",
       "      <td>0.680796</td>\n",
       "      <td>0.142957</td>\n",
       "      <td>0.203598</td>\n",
       "      <td>0.002652</td>\n",
       "      <td>0.257838</td>\n",
       "      <td>0.576703</td>\n",
       "      <td>0.704558</td>\n",
       "      <td>1.000000</td>\n",
       "      <td>0.727531</td>\n",
       "      <td>0.514771</td>\n",
       "      <td>0.824572</td>\n",
       "    </tr>\n",
       "    <tr>\n",
       "      <td>XRT</td>\n",
       "      <td>0.833209</td>\n",
       "      <td>0.892533</td>\n",
       "      <td>0.758116</td>\n",
       "      <td>0.094093</td>\n",
       "      <td>0.187673</td>\n",
       "      <td>-0.013912</td>\n",
       "      <td>0.213383</td>\n",
       "      <td>0.314931</td>\n",
       "      <td>0.758415</td>\n",
       "      <td>0.727531</td>\n",
       "      <td>1.000000</td>\n",
       "      <td>0.536308</td>\n",
       "      <td>0.810236</td>\n",
       "    </tr>\n",
       "    <tr>\n",
       "      <td>XLU</td>\n",
       "      <td>0.696182</td>\n",
       "      <td>0.610986</td>\n",
       "      <td>0.574074</td>\n",
       "      <td>0.181447</td>\n",
       "      <td>0.276782</td>\n",
       "      <td>0.179682</td>\n",
       "      <td>0.231704</td>\n",
       "      <td>0.146230</td>\n",
       "      <td>0.594691</td>\n",
       "      <td>0.514771</td>\n",
       "      <td>0.536308</td>\n",
       "      <td>1.000000</td>\n",
       "      <td>0.634856</td>\n",
       "    </tr>\n",
       "    <tr>\n",
       "      <td>XLF</td>\n",
       "      <td>0.917887</td>\n",
       "      <td>0.898629</td>\n",
       "      <td>0.792264</td>\n",
       "      <td>0.059256</td>\n",
       "      <td>0.154042</td>\n",
       "      <td>-0.032740</td>\n",
       "      <td>0.193574</td>\n",
       "      <td>0.377860</td>\n",
       "      <td>0.819797</td>\n",
       "      <td>0.824572</td>\n",
       "      <td>0.810236</td>\n",
       "      <td>0.634856</td>\n",
       "      <td>1.000000</td>\n",
       "    </tr>\n",
       "  </tbody>\n",
       "</table>\n",
       "</div>"
      ],
      "text/plain": [
       "           SPY       IWM       QQQ       GDX      GDXJ       GLD       SLV  \\\n",
       "SPY   1.000000  0.917689  0.947217  0.101234  0.200278  0.027448  0.241528   \n",
       "IWM   0.917689  1.000000  0.839013  0.117185  0.206882  0.031732  0.275883   \n",
       "QQQ   0.947217  0.839013  1.000000  0.075948  0.171765  0.034475  0.230178   \n",
       "GDX   0.101234  0.117185  0.075948  1.000000  0.951964  0.689546  0.549139   \n",
       "GDXJ  0.200278  0.206882  0.171765  0.951964  1.000000  0.690510  0.557360   \n",
       "GLD   0.027448  0.031732  0.034475  0.689546  0.690510  1.000000  0.762517   \n",
       "SLV   0.241528  0.275883  0.230178  0.549139  0.557360  0.762517  1.000000   \n",
       "USO   0.399859  0.377697  0.352865  0.105775  0.112589 -0.020073  0.208020   \n",
       "XLK   0.955246  0.843867  0.982011  0.057174  0.153311  0.021739  0.222577   \n",
       "XLE   0.804302  0.828902  0.680796  0.142957  0.203598  0.002652  0.257838   \n",
       "XRT   0.833209  0.892533  0.758116  0.094093  0.187673 -0.013912  0.213383   \n",
       "XLU   0.696182  0.610986  0.574074  0.181447  0.276782  0.179682  0.231704   \n",
       "XLF   0.917887  0.898629  0.792264  0.059256  0.154042 -0.032740  0.193574   \n",
       "\n",
       "           USO       XLK       XLE       XRT       XLU       XLF  \n",
       "SPY   0.399859  0.955246  0.804302  0.833209  0.696182  0.917887  \n",
       "IWM   0.377697  0.843867  0.828902  0.892533  0.610986  0.898629  \n",
       "QQQ   0.352865  0.982011  0.680796  0.758116  0.574074  0.792264  \n",
       "GDX   0.105775  0.057174  0.142957  0.094093  0.181447  0.059256  \n",
       "GDXJ  0.112589  0.153311  0.203598  0.187673  0.276782  0.154042  \n",
       "GLD  -0.020073  0.021739  0.002652 -0.013912  0.179682 -0.032740  \n",
       "SLV   0.208020  0.222577  0.257838  0.213383  0.231704  0.193574  \n",
       "USO   1.000000  0.360969  0.576703  0.314931  0.146230  0.377860  \n",
       "XLK   0.360969  1.000000  0.704558  0.758415  0.594691  0.819797  \n",
       "XLE   0.576703  0.704558  1.000000  0.727531  0.514771  0.824572  \n",
       "XRT   0.314931  0.758415  0.727531  1.000000  0.536308  0.810236  \n",
       "XLU   0.146230  0.594691  0.514771  0.536308  1.000000  0.634856  \n",
       "XLF   0.377860  0.819797  0.824572  0.810236  0.634856  1.000000  "
      ]
     },
     "execution_count": 85,
     "metadata": {},
     "output_type": "execute_result"
    }
   ],
   "source": [
    "corr_matrix"
   ]
  },
  {
   "cell_type": "code",
   "execution_count": null,
   "metadata": {},
   "outputs": [],
   "source": [
    "corr_matrix['']"
   ]
  },
  {
   "cell_type": "code",
   "execution_count": null,
   "metadata": {},
   "outputs": [],
   "source": []
  }
 ],
 "metadata": {
  "kernelspec": {
   "display_name": "Python 3",
   "language": "python",
   "name": "python3"
  },
  "language_info": {
   "codemirror_mode": {
    "name": "ipython",
    "version": 3
   },
   "file_extension": ".py",
   "mimetype": "text/x-python",
   "name": "python",
   "nbconvert_exporter": "python",
   "pygments_lexer": "ipython3",
   "version": "3.6.8"
  }
 },
 "nbformat": 4,
 "nbformat_minor": 4
}
