{
 "cells": [
  {
   "cell_type": "code",
   "execution_count": 3,
   "metadata": {},
   "outputs": [],
   "source": [
    "import datetime as dt\n",
    "from datetime import date\n",
    "import matplotlib.pyplot as plt\n",
    "from matplotlib import style\n",
    "import pandas as pd\n",
    "import pandas_datareader.data as web\n",
    "import numpy as np\n",
    "import time\n",
    "\n",
    "import statsmodels.formula.api as sm\n",
    "\n",
    "#returns dataframe of price with close price\n",
    "def ticker_df(ticker, start, end):\n",
    "    source = 'yahoo'\n",
    "    df = web.DataReader(ticker, source, start, end)\n",
    "    return df.drop(['High', 'Low', 'Open', 'Adj Close', 'Volume'], axis = 1)\n",
    "\n",
    "def stock_correlation(stock1, stock2):\n",
    "    correlation = stock1['Close'].pct_change().corr(stock2['Close'].pct_change())\n",
    "    return(correlation)\n",
    "\n",
    "def get_correlation(stocks, start, end):\n",
    "    \n",
    "    assets ={}\n",
    "    assets2 = {}\n",
    "\n",
    "    for stock in stocks:\n",
    "        assets[stock] = ticker_df(stock, start, end)\n",
    "\n",
    "    for stock in stocks:\n",
    "        assets2[stock] = list(assets[stock]['Close'])\n",
    "\n",
    "    df = pd.DataFrame(data = assets2, columns = assets.keys())\n",
    "    corr_matrix = df.corr()\n",
    "\n",
    "    for stock1 in stocks:\n",
    "        for stock2 in stocks:\n",
    "            corr_matrix[stock1][stock2] = stock_correlation(assets[stock1], assets[stock2])\n",
    "    \n",
    "    return(corr_matrix)\n",
    "\n",
    "#takes holdings {'ticker':allocation}, returns simulation of portfolio\n",
    "def sim_port(holdings, start, end):\n",
    "    portfolio = ticker_df('SPY', start, end).drop('Close', axis =1)\n",
    "\n",
    "    for stock in holdings.keys():\n",
    "        portfolio[stock + ' close'] = ticker_df(stock, start, end)\n",
    "        portfolio[stock + ' pct change'] = portfolio[stock + ' close'].pct_change()\n",
    "\n",
    "    for stock in holdings.keys():\n",
    "\n",
    "        portfolio[stock + ' sim close'] = [0.0]*len(portfolio)\n",
    "        portfolio[stock + ' sim close'][0] = holdings[stock]\n",
    "\n",
    "        for i in range(1, len(portfolio)):\n",
    "            a = portfolio[stock + ' sim close'][i-1]\n",
    "            b = 1 + portfolio[stock + ' pct change'][i]\n",
    "            portfolio[stock + ' sim close'][i] =  a*b\n",
    "\n",
    "    portfolio['Close'] = [0.0]*len(portfolio)\n",
    "\n",
    "    for stock in holdings.keys():\n",
    "        for i in range(len(portfolio)):\n",
    "            portfolio['Close'][i] += portfolio[stock + ' sim close'][i]\n",
    "\n",
    "    return(portfolio)\n",
    "\n",
    "#takes list of stocks (strings), returns dictionary of time series\n",
    "def asset_dict(stocks, start, end):\n",
    "    assets = {}\n",
    "    for stock in stocks:\n",
    "        assets[stock] = ticker_df(stock,start,end)['Close']\n",
    "    return(assets)\n",
    "\n",
    "#takes list of stocks, returns dictionary of time series\n",
    "def asset_timeseries(stocks, start, end):\n",
    "    assets = {}\n",
    "    for stock in stocks:\n",
    "        assets[stock] = list(ticker_df(stock, start, end)['Close'])\n",
    "    return(assets)\n",
    "\n",
    "\n",
    "def series_corr(ser1, ser2):\n",
    "    correlation = ser1.pct_change().corr(ser2.pct_change())\n",
    "    return(correlation)\n",
    "\n",
    "def create_corr_matrix(stock_dict):\n",
    "    data = pd.DataFrame(data = stock_dict, columns = stock_dict.keys())\n",
    "    corr_matrix = data.corr()\n",
    "\n",
    "    for stock1 in stock_dict.keys():\n",
    "        for stock2 in stock_dict.keys():\n",
    "            corr_matrix[stock1][stock2] = series_corr(stock_dict[stock1], stock_dict[stock2])\n",
    "    return(corr_matrix)\n",
    "\n",
    "#sharpe ratio = expected return daily - riskfreerate / stddev\n",
    "def sharpe_ratio(asset, riskfree_rate):\n",
    "    Rp = asset['Close'].pct_change().mean()\n",
    "    Rff = riskfree_rate/252 \n",
    "    sigma = asset['Close'].pct_change().std()\n",
    "    ratio = (Rp-Rff)/sigma\n",
    "    return(ratio)\n"
   ]
  },
  {
   "cell_type": "code",
   "execution_count": 109,
   "metadata": {},
   "outputs": [],
   "source": [
    "start = dt.datetime(2015,1,1)\n",
    "end = dt.datetime(2020,6,30)\n",
    "\n",
    "IWM = ticker_df('IWM', start, end)\n",
    "SPY = ticker_df('SPY', start, end)\n",
    "QQQ = ticker_df('QQQ', start, end)\n",
    "\n",
    "holdings= {'XSU.TO':25.0, 'XQQ.TO':25.0, 'VEF.TO':30.0, 'GDX': 10.0, 'ARKK':5.0, 'XAR':5.0}\n",
    "stocks = ['SPY', 'IWM', 'QQQ', 'GDX', 'GDXJ', 'GLD', 'SLV', 'USO', 'XLK', 'XLE', 'XRT', 'XRT', 'XLU', 'XLF','XLI','XLV', 'XAR', 'ARKK', 'TLT', 'LQD']\n",
    "assets = asset_dict(stocks, start, end)\n",
    "\n",
    "portfolio = sim_port(holdings, start, end)\n",
    "assets['portfolio'] = portfolio['Close']\n",
    "corr_matrix = create_corr_matrix(assets)"
   ]
  },
  {
   "cell_type": "code",
   "execution_count": 14,
   "metadata": {},
   "outputs": [],
   "source": [
    "corr_matrix.to_csv('corr_matrix.csv')\n"
   ]
  },
  {
   "cell_type": "code",
   "execution_count": 110,
   "metadata": {},
   "outputs": [
    {
     "data": {
      "text/html": [
       "<div>\n",
       "<style scoped>\n",
       "    .dataframe tbody tr th:only-of-type {\n",
       "        vertical-align: middle;\n",
       "    }\n",
       "\n",
       "    .dataframe tbody tr th {\n",
       "        vertical-align: top;\n",
       "    }\n",
       "\n",
       "    .dataframe thead th {\n",
       "        text-align: right;\n",
       "    }\n",
       "</style>\n",
       "<table border=\"1\" class=\"dataframe\">\n",
       "  <thead>\n",
       "    <tr style=\"text-align: right;\">\n",
       "      <th></th>\n",
       "      <th>SPY</th>\n",
       "      <th>IWM</th>\n",
       "      <th>QQQ</th>\n",
       "      <th>GDX</th>\n",
       "      <th>GDXJ</th>\n",
       "      <th>GLD</th>\n",
       "      <th>SLV</th>\n",
       "      <th>USO</th>\n",
       "      <th>XLK</th>\n",
       "      <th>XLE</th>\n",
       "      <th>XRT</th>\n",
       "      <th>XLU</th>\n",
       "      <th>XLF</th>\n",
       "      <th>XLI</th>\n",
       "      <th>XLV</th>\n",
       "      <th>XAR</th>\n",
       "      <th>ARKK</th>\n",
       "      <th>TLT</th>\n",
       "      <th>LQD</th>\n",
       "      <th>portfolio</th>\n",
       "    </tr>\n",
       "  </thead>\n",
       "  <tbody>\n",
       "    <tr>\n",
       "      <td>SPY</td>\n",
       "      <td>1.000000</td>\n",
       "      <td>0.901847</td>\n",
       "      <td>0.935922</td>\n",
       "      <td>0.081083</td>\n",
       "      <td>0.140907</td>\n",
       "      <td>-0.056771</td>\n",
       "      <td>0.165960</td>\n",
       "      <td>0.378633</td>\n",
       "      <td>0.943215</td>\n",
       "      <td>0.773610</td>\n",
       "      <td>0.784478</td>\n",
       "      <td>0.625923</td>\n",
       "      <td>0.902025</td>\n",
       "      <td>0.926928</td>\n",
       "      <td>0.878083</td>\n",
       "      <td>0.848603</td>\n",
       "      <td>0.761728</td>\n",
       "      <td>-0.418516</td>\n",
       "      <td>0.184954</td>\n",
       "      <td>0.919144</td>\n",
       "    </tr>\n",
       "    <tr>\n",
       "      <td>IWM</td>\n",
       "      <td>0.901847</td>\n",
       "      <td>1.000000</td>\n",
       "      <td>0.817599</td>\n",
       "      <td>0.084537</td>\n",
       "      <td>0.138616</td>\n",
       "      <td>-0.057306</td>\n",
       "      <td>0.179606</td>\n",
       "      <td>0.357117</td>\n",
       "      <td>0.817076</td>\n",
       "      <td>0.767254</td>\n",
       "      <td>0.850378</td>\n",
       "      <td>0.510905</td>\n",
       "      <td>0.872527</td>\n",
       "      <td>0.881299</td>\n",
       "      <td>0.772601</td>\n",
       "      <td>0.868747</td>\n",
       "      <td>0.792791</td>\n",
       "      <td>-0.388749</td>\n",
       "      <td>0.184461</td>\n",
       "      <td>0.895084</td>\n",
       "    </tr>\n",
       "    <tr>\n",
       "      <td>QQQ</td>\n",
       "      <td>0.935922</td>\n",
       "      <td>0.817599</td>\n",
       "      <td>1.000000</td>\n",
       "      <td>0.051894</td>\n",
       "      <td>0.110603</td>\n",
       "      <td>-0.054475</td>\n",
       "      <td>0.144819</td>\n",
       "      <td>0.308289</td>\n",
       "      <td>0.977861</td>\n",
       "      <td>0.631612</td>\n",
       "      <td>0.696720</td>\n",
       "      <td>0.506058</td>\n",
       "      <td>0.760708</td>\n",
       "      <td>0.801708</td>\n",
       "      <td>0.829209</td>\n",
       "      <td>0.734721</td>\n",
       "      <td>0.797392</td>\n",
       "      <td>-0.373177</td>\n",
       "      <td>0.140136</td>\n",
       "      <td>0.891360</td>\n",
       "    </tr>\n",
       "    <tr>\n",
       "      <td>GDX</td>\n",
       "      <td>0.081083</td>\n",
       "      <td>0.084537</td>\n",
       "      <td>0.051894</td>\n",
       "      <td>1.000000</td>\n",
       "      <td>0.951425</td>\n",
       "      <td>0.755357</td>\n",
       "      <td>0.633158</td>\n",
       "      <td>0.148195</td>\n",
       "      <td>0.050723</td>\n",
       "      <td>0.171530</td>\n",
       "      <td>0.039304</td>\n",
       "      <td>0.207333</td>\n",
       "      <td>-0.006613</td>\n",
       "      <td>0.080245</td>\n",
       "      <td>0.056321</td>\n",
       "      <td>0.110923</td>\n",
       "      <td>0.074283</td>\n",
       "      <td>0.255688</td>\n",
       "      <td>0.258909</td>\n",
       "      <td>0.297382</td>\n",
       "    </tr>\n",
       "    <tr>\n",
       "      <td>GDXJ</td>\n",
       "      <td>0.140907</td>\n",
       "      <td>0.138616</td>\n",
       "      <td>0.110603</td>\n",
       "      <td>0.951425</td>\n",
       "      <td>1.000000</td>\n",
       "      <td>0.737030</td>\n",
       "      <td>0.627762</td>\n",
       "      <td>0.149633</td>\n",
       "      <td>0.107460</td>\n",
       "      <td>0.205583</td>\n",
       "      <td>0.092687</td>\n",
       "      <td>0.250332</td>\n",
       "      <td>0.056991</td>\n",
       "      <td>0.134201</td>\n",
       "      <td>0.106086</td>\n",
       "      <td>0.154597</td>\n",
       "      <td>0.121440</td>\n",
       "      <td>0.201869</td>\n",
       "      <td>0.287669</td>\n",
       "      <td>0.347450</td>\n",
       "    </tr>\n",
       "    <tr>\n",
       "      <td>GLD</td>\n",
       "      <td>-0.056771</td>\n",
       "      <td>-0.057306</td>\n",
       "      <td>-0.054475</td>\n",
       "      <td>0.755357</td>\n",
       "      <td>0.737030</td>\n",
       "      <td>1.000000</td>\n",
       "      <td>0.766109</td>\n",
       "      <td>0.007532</td>\n",
       "      <td>-0.047268</td>\n",
       "      <td>-0.015975</td>\n",
       "      <td>-0.083399</td>\n",
       "      <td>0.166693</td>\n",
       "      <td>-0.151811</td>\n",
       "      <td>-0.071835</td>\n",
       "      <td>-0.040891</td>\n",
       "      <td>-0.025383</td>\n",
       "      <td>-0.024167</td>\n",
       "      <td>0.342837</td>\n",
       "      <td>0.331516</td>\n",
       "      <td>0.111946</td>\n",
       "    </tr>\n",
       "    <tr>\n",
       "      <td>SLV</td>\n",
       "      <td>0.165960</td>\n",
       "      <td>0.179606</td>\n",
       "      <td>0.144819</td>\n",
       "      <td>0.633158</td>\n",
       "      <td>0.627762</td>\n",
       "      <td>0.766109</td>\n",
       "      <td>1.000000</td>\n",
       "      <td>0.190252</td>\n",
       "      <td>0.149658</td>\n",
       "      <td>0.211815</td>\n",
       "      <td>0.121558</td>\n",
       "      <td>0.202900</td>\n",
       "      <td>0.089141</td>\n",
       "      <td>0.161786</td>\n",
       "      <td>0.131524</td>\n",
       "      <td>0.187696</td>\n",
       "      <td>0.184817</td>\n",
       "      <td>0.162659</td>\n",
       "      <td>0.295608</td>\n",
       "      <td>0.317889</td>\n",
       "    </tr>\n",
       "    <tr>\n",
       "      <td>USO</td>\n",
       "      <td>0.378633</td>\n",
       "      <td>0.357117</td>\n",
       "      <td>0.308289</td>\n",
       "      <td>0.148195</td>\n",
       "      <td>0.149633</td>\n",
       "      <td>0.007532</td>\n",
       "      <td>0.190252</td>\n",
       "      <td>1.000000</td>\n",
       "      <td>0.321061</td>\n",
       "      <td>0.626340</td>\n",
       "      <td>0.280387</td>\n",
       "      <td>0.116741</td>\n",
       "      <td>0.346334</td>\n",
       "      <td>0.363764</td>\n",
       "      <td>0.251513</td>\n",
       "      <td>0.342842</td>\n",
       "      <td>0.267796</td>\n",
       "      <td>-0.224575</td>\n",
       "      <td>0.042200</td>\n",
       "      <td>0.374542</td>\n",
       "    </tr>\n",
       "    <tr>\n",
       "      <td>XLK</td>\n",
       "      <td>0.943215</td>\n",
       "      <td>0.817076</td>\n",
       "      <td>0.977861</td>\n",
       "      <td>0.050723</td>\n",
       "      <td>0.107460</td>\n",
       "      <td>-0.047268</td>\n",
       "      <td>0.149658</td>\n",
       "      <td>0.321061</td>\n",
       "      <td>1.000000</td>\n",
       "      <td>0.655206</td>\n",
       "      <td>0.692238</td>\n",
       "      <td>0.534804</td>\n",
       "      <td>0.784741</td>\n",
       "      <td>0.824845</td>\n",
       "      <td>0.805184</td>\n",
       "      <td>0.755098</td>\n",
       "      <td>0.778624</td>\n",
       "      <td>-0.377186</td>\n",
       "      <td>0.162610</td>\n",
       "      <td>0.885217</td>\n",
       "    </tr>\n",
       "    <tr>\n",
       "      <td>XLE</td>\n",
       "      <td>0.773610</td>\n",
       "      <td>0.767254</td>\n",
       "      <td>0.631612</td>\n",
       "      <td>0.171530</td>\n",
       "      <td>0.205583</td>\n",
       "      <td>-0.015975</td>\n",
       "      <td>0.211815</td>\n",
       "      <td>0.626340</td>\n",
       "      <td>0.655206</td>\n",
       "      <td>1.000000</td>\n",
       "      <td>0.648199</td>\n",
       "      <td>0.441470</td>\n",
       "      <td>0.761526</td>\n",
       "      <td>0.779056</td>\n",
       "      <td>0.606881</td>\n",
       "      <td>0.721107</td>\n",
       "      <td>0.575273</td>\n",
       "      <td>-0.338310</td>\n",
       "      <td>0.156726</td>\n",
       "      <td>0.735460</td>\n",
       "    </tr>\n",
       "    <tr>\n",
       "      <td>XRT</td>\n",
       "      <td>0.784478</td>\n",
       "      <td>0.850378</td>\n",
       "      <td>0.696720</td>\n",
       "      <td>0.039304</td>\n",
       "      <td>0.092687</td>\n",
       "      <td>-0.083399</td>\n",
       "      <td>0.121558</td>\n",
       "      <td>0.280387</td>\n",
       "      <td>0.692238</td>\n",
       "      <td>0.648199</td>\n",
       "      <td>1.000000</td>\n",
       "      <td>0.432241</td>\n",
       "      <td>0.753858</td>\n",
       "      <td>0.770182</td>\n",
       "      <td>0.653395</td>\n",
       "      <td>0.733093</td>\n",
       "      <td>0.680758</td>\n",
       "      <td>-0.356599</td>\n",
       "      <td>0.134187</td>\n",
       "      <td>0.760147</td>\n",
       "    </tr>\n",
       "    <tr>\n",
       "      <td>XLU</td>\n",
       "      <td>0.625923</td>\n",
       "      <td>0.510905</td>\n",
       "      <td>0.506058</td>\n",
       "      <td>0.207333</td>\n",
       "      <td>0.250332</td>\n",
       "      <td>0.166693</td>\n",
       "      <td>0.202900</td>\n",
       "      <td>0.116741</td>\n",
       "      <td>0.534804</td>\n",
       "      <td>0.441470</td>\n",
       "      <td>0.432241</td>\n",
       "      <td>1.000000</td>\n",
       "      <td>0.514068</td>\n",
       "      <td>0.573888</td>\n",
       "      <td>0.573521</td>\n",
       "      <td>0.526705</td>\n",
       "      <td>0.332579</td>\n",
       "      <td>-0.098892</td>\n",
       "      <td>0.300358</td>\n",
       "      <td>0.548211</td>\n",
       "    </tr>\n",
       "    <tr>\n",
       "      <td>XLF</td>\n",
       "      <td>0.902025</td>\n",
       "      <td>0.872527</td>\n",
       "      <td>0.760708</td>\n",
       "      <td>-0.006613</td>\n",
       "      <td>0.056991</td>\n",
       "      <td>-0.151811</td>\n",
       "      <td>0.089141</td>\n",
       "      <td>0.346334</td>\n",
       "      <td>0.784741</td>\n",
       "      <td>0.761526</td>\n",
       "      <td>0.753858</td>\n",
       "      <td>0.514068</td>\n",
       "      <td>1.000000</td>\n",
       "      <td>0.895469</td>\n",
       "      <td>0.748266</td>\n",
       "      <td>0.823465</td>\n",
       "      <td>0.645078</td>\n",
       "      <td>-0.485641</td>\n",
       "      <td>0.116729</td>\n",
       "      <td>0.809379</td>\n",
       "    </tr>\n",
       "    <tr>\n",
       "      <td>XLI</td>\n",
       "      <td>0.926928</td>\n",
       "      <td>0.881299</td>\n",
       "      <td>0.801708</td>\n",
       "      <td>0.080245</td>\n",
       "      <td>0.134201</td>\n",
       "      <td>-0.071835</td>\n",
       "      <td>0.161786</td>\n",
       "      <td>0.363764</td>\n",
       "      <td>0.824845</td>\n",
       "      <td>0.779056</td>\n",
       "      <td>0.770182</td>\n",
       "      <td>0.573888</td>\n",
       "      <td>0.895469</td>\n",
       "      <td>1.000000</td>\n",
       "      <td>0.772534</td>\n",
       "      <td>0.914912</td>\n",
       "      <td>0.681403</td>\n",
       "      <td>-0.413448</td>\n",
       "      <td>0.181777</td>\n",
       "      <td>0.852705</td>\n",
       "    </tr>\n",
       "    <tr>\n",
       "      <td>XLV</td>\n",
       "      <td>0.878083</td>\n",
       "      <td>0.772601</td>\n",
       "      <td>0.829209</td>\n",
       "      <td>0.056321</td>\n",
       "      <td>0.106086</td>\n",
       "      <td>-0.040891</td>\n",
       "      <td>0.131524</td>\n",
       "      <td>0.251513</td>\n",
       "      <td>0.805184</td>\n",
       "      <td>0.606881</td>\n",
       "      <td>0.653395</td>\n",
       "      <td>0.573521</td>\n",
       "      <td>0.748266</td>\n",
       "      <td>0.772534</td>\n",
       "      <td>1.000000</td>\n",
       "      <td>0.706047</td>\n",
       "      <td>0.674783</td>\n",
       "      <td>-0.356529</td>\n",
       "      <td>0.120599</td>\n",
       "      <td>0.795903</td>\n",
       "    </tr>\n",
       "    <tr>\n",
       "      <td>XAR</td>\n",
       "      <td>0.848603</td>\n",
       "      <td>0.868747</td>\n",
       "      <td>0.734721</td>\n",
       "      <td>0.110923</td>\n",
       "      <td>0.154597</td>\n",
       "      <td>-0.025383</td>\n",
       "      <td>0.187696</td>\n",
       "      <td>0.342842</td>\n",
       "      <td>0.755098</td>\n",
       "      <td>0.721107</td>\n",
       "      <td>0.733093</td>\n",
       "      <td>0.526705</td>\n",
       "      <td>0.823465</td>\n",
       "      <td>0.914912</td>\n",
       "      <td>0.706047</td>\n",
       "      <td>1.000000</td>\n",
       "      <td>0.687996</td>\n",
       "      <td>-0.348163</td>\n",
       "      <td>0.211372</td>\n",
       "      <td>0.830105</td>\n",
       "    </tr>\n",
       "    <tr>\n",
       "      <td>ARKK</td>\n",
       "      <td>0.761728</td>\n",
       "      <td>0.792791</td>\n",
       "      <td>0.797392</td>\n",
       "      <td>0.074283</td>\n",
       "      <td>0.121440</td>\n",
       "      <td>-0.024167</td>\n",
       "      <td>0.184817</td>\n",
       "      <td>0.267796</td>\n",
       "      <td>0.778624</td>\n",
       "      <td>0.575273</td>\n",
       "      <td>0.680758</td>\n",
       "      <td>0.332579</td>\n",
       "      <td>0.645078</td>\n",
       "      <td>0.681403</td>\n",
       "      <td>0.674783</td>\n",
       "      <td>0.687996</td>\n",
       "      <td>1.000000</td>\n",
       "      <td>-0.268526</td>\n",
       "      <td>0.166154</td>\n",
       "      <td>0.818895</td>\n",
       "    </tr>\n",
       "    <tr>\n",
       "      <td>TLT</td>\n",
       "      <td>-0.418516</td>\n",
       "      <td>-0.388749</td>\n",
       "      <td>-0.373177</td>\n",
       "      <td>0.255688</td>\n",
       "      <td>0.201869</td>\n",
       "      <td>0.342837</td>\n",
       "      <td>0.162659</td>\n",
       "      <td>-0.224575</td>\n",
       "      <td>-0.377186</td>\n",
       "      <td>-0.338310</td>\n",
       "      <td>-0.356599</td>\n",
       "      <td>-0.098892</td>\n",
       "      <td>-0.485641</td>\n",
       "      <td>-0.413448</td>\n",
       "      <td>-0.356529</td>\n",
       "      <td>-0.348163</td>\n",
       "      <td>-0.268526</td>\n",
       "      <td>1.000000</td>\n",
       "      <td>0.513344</td>\n",
       "      <td>-0.324689</td>\n",
       "    </tr>\n",
       "    <tr>\n",
       "      <td>LQD</td>\n",
       "      <td>0.184954</td>\n",
       "      <td>0.184461</td>\n",
       "      <td>0.140136</td>\n",
       "      <td>0.258909</td>\n",
       "      <td>0.287669</td>\n",
       "      <td>0.331516</td>\n",
       "      <td>0.295608</td>\n",
       "      <td>0.042200</td>\n",
       "      <td>0.162610</td>\n",
       "      <td>0.156726</td>\n",
       "      <td>0.134187</td>\n",
       "      <td>0.300358</td>\n",
       "      <td>0.116729</td>\n",
       "      <td>0.181777</td>\n",
       "      <td>0.120599</td>\n",
       "      <td>0.211372</td>\n",
       "      <td>0.166154</td>\n",
       "      <td>0.513344</td>\n",
       "      <td>1.000000</td>\n",
       "      <td>0.227114</td>\n",
       "    </tr>\n",
       "    <tr>\n",
       "      <td>portfolio</td>\n",
       "      <td>0.919144</td>\n",
       "      <td>0.895084</td>\n",
       "      <td>0.891360</td>\n",
       "      <td>0.297382</td>\n",
       "      <td>0.347450</td>\n",
       "      <td>0.111946</td>\n",
       "      <td>0.317889</td>\n",
       "      <td>0.374542</td>\n",
       "      <td>0.885217</td>\n",
       "      <td>0.735460</td>\n",
       "      <td>0.760147</td>\n",
       "      <td>0.548211</td>\n",
       "      <td>0.809379</td>\n",
       "      <td>0.852705</td>\n",
       "      <td>0.795903</td>\n",
       "      <td>0.830105</td>\n",
       "      <td>0.818895</td>\n",
       "      <td>-0.324689</td>\n",
       "      <td>0.227114</td>\n",
       "      <td>1.000000</td>\n",
       "    </tr>\n",
       "  </tbody>\n",
       "</table>\n",
       "</div>"
      ],
      "text/plain": [
       "                SPY       IWM       QQQ       GDX      GDXJ       GLD  \\\n",
       "SPY        1.000000  0.901847  0.935922  0.081083  0.140907 -0.056771   \n",
       "IWM        0.901847  1.000000  0.817599  0.084537  0.138616 -0.057306   \n",
       "QQQ        0.935922  0.817599  1.000000  0.051894  0.110603 -0.054475   \n",
       "GDX        0.081083  0.084537  0.051894  1.000000  0.951425  0.755357   \n",
       "GDXJ       0.140907  0.138616  0.110603  0.951425  1.000000  0.737030   \n",
       "GLD       -0.056771 -0.057306 -0.054475  0.755357  0.737030  1.000000   \n",
       "SLV        0.165960  0.179606  0.144819  0.633158  0.627762  0.766109   \n",
       "USO        0.378633  0.357117  0.308289  0.148195  0.149633  0.007532   \n",
       "XLK        0.943215  0.817076  0.977861  0.050723  0.107460 -0.047268   \n",
       "XLE        0.773610  0.767254  0.631612  0.171530  0.205583 -0.015975   \n",
       "XRT        0.784478  0.850378  0.696720  0.039304  0.092687 -0.083399   \n",
       "XLU        0.625923  0.510905  0.506058  0.207333  0.250332  0.166693   \n",
       "XLF        0.902025  0.872527  0.760708 -0.006613  0.056991 -0.151811   \n",
       "XLI        0.926928  0.881299  0.801708  0.080245  0.134201 -0.071835   \n",
       "XLV        0.878083  0.772601  0.829209  0.056321  0.106086 -0.040891   \n",
       "XAR        0.848603  0.868747  0.734721  0.110923  0.154597 -0.025383   \n",
       "ARKK       0.761728  0.792791  0.797392  0.074283  0.121440 -0.024167   \n",
       "TLT       -0.418516 -0.388749 -0.373177  0.255688  0.201869  0.342837   \n",
       "LQD        0.184954  0.184461  0.140136  0.258909  0.287669  0.331516   \n",
       "portfolio  0.919144  0.895084  0.891360  0.297382  0.347450  0.111946   \n",
       "\n",
       "                SLV       USO       XLK       XLE       XRT       XLU  \\\n",
       "SPY        0.165960  0.378633  0.943215  0.773610  0.784478  0.625923   \n",
       "IWM        0.179606  0.357117  0.817076  0.767254  0.850378  0.510905   \n",
       "QQQ        0.144819  0.308289  0.977861  0.631612  0.696720  0.506058   \n",
       "GDX        0.633158  0.148195  0.050723  0.171530  0.039304  0.207333   \n",
       "GDXJ       0.627762  0.149633  0.107460  0.205583  0.092687  0.250332   \n",
       "GLD        0.766109  0.007532 -0.047268 -0.015975 -0.083399  0.166693   \n",
       "SLV        1.000000  0.190252  0.149658  0.211815  0.121558  0.202900   \n",
       "USO        0.190252  1.000000  0.321061  0.626340  0.280387  0.116741   \n",
       "XLK        0.149658  0.321061  1.000000  0.655206  0.692238  0.534804   \n",
       "XLE        0.211815  0.626340  0.655206  1.000000  0.648199  0.441470   \n",
       "XRT        0.121558  0.280387  0.692238  0.648199  1.000000  0.432241   \n",
       "XLU        0.202900  0.116741  0.534804  0.441470  0.432241  1.000000   \n",
       "XLF        0.089141  0.346334  0.784741  0.761526  0.753858  0.514068   \n",
       "XLI        0.161786  0.363764  0.824845  0.779056  0.770182  0.573888   \n",
       "XLV        0.131524  0.251513  0.805184  0.606881  0.653395  0.573521   \n",
       "XAR        0.187696  0.342842  0.755098  0.721107  0.733093  0.526705   \n",
       "ARKK       0.184817  0.267796  0.778624  0.575273  0.680758  0.332579   \n",
       "TLT        0.162659 -0.224575 -0.377186 -0.338310 -0.356599 -0.098892   \n",
       "LQD        0.295608  0.042200  0.162610  0.156726  0.134187  0.300358   \n",
       "portfolio  0.317889  0.374542  0.885217  0.735460  0.760147  0.548211   \n",
       "\n",
       "                XLF       XLI       XLV       XAR      ARKK       TLT  \\\n",
       "SPY        0.902025  0.926928  0.878083  0.848603  0.761728 -0.418516   \n",
       "IWM        0.872527  0.881299  0.772601  0.868747  0.792791 -0.388749   \n",
       "QQQ        0.760708  0.801708  0.829209  0.734721  0.797392 -0.373177   \n",
       "GDX       -0.006613  0.080245  0.056321  0.110923  0.074283  0.255688   \n",
       "GDXJ       0.056991  0.134201  0.106086  0.154597  0.121440  0.201869   \n",
       "GLD       -0.151811 -0.071835 -0.040891 -0.025383 -0.024167  0.342837   \n",
       "SLV        0.089141  0.161786  0.131524  0.187696  0.184817  0.162659   \n",
       "USO        0.346334  0.363764  0.251513  0.342842  0.267796 -0.224575   \n",
       "XLK        0.784741  0.824845  0.805184  0.755098  0.778624 -0.377186   \n",
       "XLE        0.761526  0.779056  0.606881  0.721107  0.575273 -0.338310   \n",
       "XRT        0.753858  0.770182  0.653395  0.733093  0.680758 -0.356599   \n",
       "XLU        0.514068  0.573888  0.573521  0.526705  0.332579 -0.098892   \n",
       "XLF        1.000000  0.895469  0.748266  0.823465  0.645078 -0.485641   \n",
       "XLI        0.895469  1.000000  0.772534  0.914912  0.681403 -0.413448   \n",
       "XLV        0.748266  0.772534  1.000000  0.706047  0.674783 -0.356529   \n",
       "XAR        0.823465  0.914912  0.706047  1.000000  0.687996 -0.348163   \n",
       "ARKK       0.645078  0.681403  0.674783  0.687996  1.000000 -0.268526   \n",
       "TLT       -0.485641 -0.413448 -0.356529 -0.348163 -0.268526  1.000000   \n",
       "LQD        0.116729  0.181777  0.120599  0.211372  0.166154  0.513344   \n",
       "portfolio  0.809379  0.852705  0.795903  0.830105  0.818895 -0.324689   \n",
       "\n",
       "                LQD  portfolio  \n",
       "SPY        0.184954   0.919144  \n",
       "IWM        0.184461   0.895084  \n",
       "QQQ        0.140136   0.891360  \n",
       "GDX        0.258909   0.297382  \n",
       "GDXJ       0.287669   0.347450  \n",
       "GLD        0.331516   0.111946  \n",
       "SLV        0.295608   0.317889  \n",
       "USO        0.042200   0.374542  \n",
       "XLK        0.162610   0.885217  \n",
       "XLE        0.156726   0.735460  \n",
       "XRT        0.134187   0.760147  \n",
       "XLU        0.300358   0.548211  \n",
       "XLF        0.116729   0.809379  \n",
       "XLI        0.181777   0.852705  \n",
       "XLV        0.120599   0.795903  \n",
       "XAR        0.211372   0.830105  \n",
       "ARKK       0.166154   0.818895  \n",
       "TLT        0.513344  -0.324689  \n",
       "LQD        1.000000   0.227114  \n",
       "portfolio  0.227114   1.000000  "
      ]
     },
     "execution_count": 110,
     "metadata": {},
     "output_type": "execute_result"
    }
   ],
   "source": [
    "corr_matrix"
   ]
  },
  {
   "cell_type": "code",
   "execution_count": 128,
   "metadata": {},
   "outputs": [],
   "source": []
  },
  {
   "cell_type": "code",
   "execution_count": 129,
   "metadata": {},
   "outputs": [],
   "source": [
    "df_factors = web.DataReader('F-F_Research_Data_5_Factors_2x3_daily', 'famafrench')[0]"
   ]
  },
  {
   "cell_type": "code",
   "execution_count": null,
   "metadata": {},
   "outputs": [],
   "source": []
  },
  {
   "cell_type": "code",
   "execution_count": 60,
   "metadata": {},
   "outputs": [],
   "source": [
    "# fama french data https://mba.tuck.dartmouth.edu/pages/faculty/ken.french/data_library.html\n",
    "# tutorial on excel https://www.youtube.com/watch?v=b2bO23z7cwg\n",
    "# tutorial (text) https://www.codingfinance.com/post/2019-07-01-analyze-ff-factor-python/\n",
    "# tutorial (text) https://randlow.github.io/posts/finance-economics/asset-pricing-regression/"
   ]
  },
  {
   "cell_type": "code",
   "execution_count": null,
   "metadata": {},
   "outputs": [],
   "source": []
  },
  {
   "cell_type": "code",
   "execution_count": 69,
   "metadata": {},
   "outputs": [],
   "source": []
  },
  {
   "cell_type": "code",
   "execution_count": 70,
   "metadata": {},
   "outputs": [
    {
     "data": {
      "text/html": [
       "<div>\n",
       "<style scoped>\n",
       "    .dataframe tbody tr th:only-of-type {\n",
       "        vertical-align: middle;\n",
       "    }\n",
       "\n",
       "    .dataframe tbody tr th {\n",
       "        vertical-align: top;\n",
       "    }\n",
       "\n",
       "    .dataframe thead th {\n",
       "        text-align: right;\n",
       "    }\n",
       "</style>\n",
       "<table border=\"1\" class=\"dataframe\">\n",
       "  <thead>\n",
       "    <tr style=\"text-align: right;\">\n",
       "      <th></th>\n",
       "      <th>Mkt-RF</th>\n",
       "      <th>SMB</th>\n",
       "      <th>HML</th>\n",
       "      <th>RMW</th>\n",
       "      <th>CMA</th>\n",
       "      <th>RF</th>\n",
       "    </tr>\n",
       "    <tr>\n",
       "      <th>Date</th>\n",
       "      <th></th>\n",
       "      <th></th>\n",
       "      <th></th>\n",
       "      <th></th>\n",
       "      <th></th>\n",
       "      <th></th>\n",
       "    </tr>\n",
       "  </thead>\n",
       "  <tbody>\n",
       "    <tr>\n",
       "      <td>2015-07-14</td>\n",
       "      <td>0.47</td>\n",
       "      <td>0.11</td>\n",
       "      <td>0.13</td>\n",
       "      <td>-0.33</td>\n",
       "      <td>-0.36</td>\n",
       "      <td>0.0</td>\n",
       "    </tr>\n",
       "    <tr>\n",
       "      <td>2015-07-15</td>\n",
       "      <td>-0.19</td>\n",
       "      <td>-0.81</td>\n",
       "      <td>-0.08</td>\n",
       "      <td>-0.25</td>\n",
       "      <td>-0.30</td>\n",
       "      <td>0.0</td>\n",
       "    </tr>\n",
       "    <tr>\n",
       "      <td>2015-07-16</td>\n",
       "      <td>0.78</td>\n",
       "      <td>-0.25</td>\n",
       "      <td>-0.62</td>\n",
       "      <td>-0.25</td>\n",
       "      <td>-0.66</td>\n",
       "      <td>0.0</td>\n",
       "    </tr>\n",
       "    <tr>\n",
       "      <td>2015-07-17</td>\n",
       "      <td>0.05</td>\n",
       "      <td>-0.68</td>\n",
       "      <td>-0.64</td>\n",
       "      <td>-0.26</td>\n",
       "      <td>-0.93</td>\n",
       "      <td>0.0</td>\n",
       "    </tr>\n",
       "    <tr>\n",
       "      <td>2015-07-20</td>\n",
       "      <td>-0.01</td>\n",
       "      <td>-0.80</td>\n",
       "      <td>-0.58</td>\n",
       "      <td>0.34</td>\n",
       "      <td>-0.29</td>\n",
       "      <td>0.0</td>\n",
       "    </tr>\n",
       "    <tr>\n",
       "      <td>...</td>\n",
       "      <td>...</td>\n",
       "      <td>...</td>\n",
       "      <td>...</td>\n",
       "      <td>...</td>\n",
       "      <td>...</td>\n",
       "      <td>...</td>\n",
       "    </tr>\n",
       "    <tr>\n",
       "      <td>2020-05-22</td>\n",
       "      <td>0.27</td>\n",
       "      <td>0.26</td>\n",
       "      <td>-0.88</td>\n",
       "      <td>-0.58</td>\n",
       "      <td>-0.37</td>\n",
       "      <td>0.0</td>\n",
       "    </tr>\n",
       "    <tr>\n",
       "      <td>2020-05-26</td>\n",
       "      <td>1.23</td>\n",
       "      <td>1.23</td>\n",
       "      <td>4.63</td>\n",
       "      <td>1.08</td>\n",
       "      <td>0.62</td>\n",
       "      <td>0.0</td>\n",
       "    </tr>\n",
       "    <tr>\n",
       "      <td>2020-05-27</td>\n",
       "      <td>1.54</td>\n",
       "      <td>1.43</td>\n",
       "      <td>3.60</td>\n",
       "      <td>0.75</td>\n",
       "      <td>0.42</td>\n",
       "      <td>0.0</td>\n",
       "    </tr>\n",
       "    <tr>\n",
       "      <td>2020-05-28</td>\n",
       "      <td>-0.41</td>\n",
       "      <td>-2.01</td>\n",
       "      <td>-2.44</td>\n",
       "      <td>-0.17</td>\n",
       "      <td>0.08</td>\n",
       "      <td>0.0</td>\n",
       "    </tr>\n",
       "    <tr>\n",
       "      <td>2020-05-29</td>\n",
       "      <td>0.60</td>\n",
       "      <td>-0.81</td>\n",
       "      <td>-1.97</td>\n",
       "      <td>-0.28</td>\n",
       "      <td>-0.48</td>\n",
       "      <td>0.0</td>\n",
       "    </tr>\n",
       "  </tbody>\n",
       "</table>\n",
       "<p>1229 rows × 6 columns</p>\n",
       "</div>"
      ],
      "text/plain": [
       "            Mkt-RF   SMB   HML   RMW   CMA   RF\n",
       "Date                                           \n",
       "2015-07-14    0.47  0.11  0.13 -0.33 -0.36  0.0\n",
       "2015-07-15   -0.19 -0.81 -0.08 -0.25 -0.30  0.0\n",
       "2015-07-16    0.78 -0.25 -0.62 -0.25 -0.66  0.0\n",
       "2015-07-17    0.05 -0.68 -0.64 -0.26 -0.93  0.0\n",
       "2015-07-20   -0.01 -0.80 -0.58  0.34 -0.29  0.0\n",
       "...            ...   ...   ...   ...   ...  ...\n",
       "2020-05-22    0.27  0.26 -0.88 -0.58 -0.37  0.0\n",
       "2020-05-26    1.23  1.23  4.63  1.08  0.62  0.0\n",
       "2020-05-27    1.54  1.43  3.60  0.75  0.42  0.0\n",
       "2020-05-28   -0.41 -2.01 -2.44 -0.17  0.08  0.0\n",
       "2020-05-29    0.60 -0.81 -1.97 -0.28 -0.48  0.0\n",
       "\n",
       "[1229 rows x 6 columns]"
      ]
     },
     "execution_count": 70,
     "metadata": {},
     "output_type": "execute_result"
    }
   ],
   "source": [
    "df_factors"
   ]
  },
  {
   "cell_type": "code",
   "execution_count": null,
   "metadata": {},
   "outputs": [],
   "source": [
    "# https://www.codingfinance.com/\n",
    "# fama french is a copy from this https://www.codingfinance.com/post/2019-07-01-analyze-ff-factor-python, adjust later"
   ]
  },
  {
   "cell_type": "code",
   "execution_count": null,
   "metadata": {},
   "outputs": [],
   "source": [
    "# https://seekingalpha.com/article/2035813-a-look-inside-the-fama-french-3-factor-model \n",
    "# https://www.codingfinance.com/post/2018-04-25-portfolio-beta-py/\n",
    "# https://www.codingfinance.com/post/2018-03-27-retirement-py/\n",
    "# https://www.codingfinance.com/post/2018-04-20-portfolio-stats-py/"
   ]
  },
  {
   "cell_type": "code",
   "execution_count": 137,
   "metadata": {},
   "outputs": [],
   "source": [
    "factor_df = web.DataReader(\"F-F_Research_Data_Factors_daily\", \"famafrench\")[0]\n",
    "factor_df = factor_df.apply(lambda x: x/ 100)"
   ]
  },
  {
   "cell_type": "code",
   "execution_count": 217,
   "metadata": {},
   "outputs": [
    {
     "name": "stdout",
     "output_type": "stream",
     "text": [
      "Intercept     0.000008\n",
      "mkt_excess    0.881157\n",
      "SMB           0.282471\n",
      "HML          -0.095653\n",
      "dtype: float64\n"
     ]
    },
    {
     "name": "stderr",
     "output_type": "stream",
     "text": [
      "c:\\users\\olfoa\\appdata\\local\\programs\\python\\python36\\lib\\site-packages\\ipykernel_launcher.py:13: SettingWithCopyWarning: \n",
      "A value is trying to be set on a copy of a slice from a DataFrame.\n",
      "Try using .loc[row_indexer,col_indexer] = value instead\n",
      "\n",
      "See the caveats in the documentation: http://pandas.pydata.org/pandas-docs/stable/user_guide/indexing.html#returning-a-view-versus-a-copy\n",
      "  del sys.path[0]\n"
     ]
    }
   ],
   "source": [
    "factor_df_last = factor_df.index[factor_df.shape[0] - 1].date()\n",
    "end = factor_df_last\n",
    "factor_df_first = factor_df.index[0].date()\n",
    "start = factor_df_first\n",
    "\n",
    "holdings= {'XSU.TO':25.0, 'XQQ.TO':25.0, 'VEF.TO':30.0, 'GDX': 10.0, 'ARKK':5.0, 'XAR':5.0}\n",
    "#holdings = {'SQQQ':100.0}\n",
    "portfolio = sim_port(holdings, start, end)\n",
    "\n",
    "factor_df['portfolio'] = portfolio['Close'].pct_change()\n",
    "factor_df = factor_df[1:]\n",
    "factor_df.rename(columns={\"Mkt-RF\":\"mkt_excess\"}, inplace=True)\n",
    "factor_df['portfolio_excess'] = factor_df['portfolio'] - factor_df['RF']\n",
    "\n",
    "model = smf.formula.ols(formula = \"portfolio_excess ~ mkt_excess + SMB + HML\", data = factor_df).fit()\n",
    "print(model.params)\n"
   ]
  },
  {
   "cell_type": "code",
   "execution_count": null,
   "metadata": {},
   "outputs": [],
   "source": []
  },
  {
   "cell_type": "code",
   "execution_count": null,
   "metadata": {},
   "outputs": [],
   "source": []
  },
  {
   "cell_type": "code",
   "execution_count": null,
   "metadata": {},
   "outputs": [],
   "source": [
    "# portfolio beta https://www.codingfinance.com/post/2018-04-25-portfolio-beta-py/"
   ]
  },
  {
   "cell_type": "code",
   "execution_count": null,
   "metadata": {},
   "outputs": [],
   "source": []
  },
  {
   "cell_type": "code",
   "execution_count": null,
   "metadata": {},
   "outputs": [],
   "source": []
  },
  {
   "cell_type": "code",
   "execution_count": null,
   "metadata": {},
   "outputs": [],
   "source": []
  },
  {
   "cell_type": "code",
   "execution_count": null,
   "metadata": {},
   "outputs": [],
   "source": [
    "# sharpe ratio https://www.codingfinance.com/post/2018-05-31-portfolio-opt-in-python/"
   ]
  },
  {
   "cell_type": "code",
   "execution_count": 246,
   "metadata": {},
   "outputs": [
    {
     "data": {
      "text/plain": [
       "0.014702724931624766"
      ]
     },
     "execution_count": 246,
     "metadata": {},
     "output_type": "execute_result"
    }
   ],
   "source": [
    "portfolio['XSU.TO close'].pct_change().std()"
   ]
  },
  {
   "cell_type": "code",
   "execution_count": 243,
   "metadata": {},
   "outputs": [
    {
     "data": {
      "text/plain": [
       "50.0"
      ]
     },
     "execution_count": 243,
     "metadata": {},
     "output_type": "execute_result"
    }
   ],
   "source": [
