{
 "cells": [
  {
   "cell_type": "code",
   "execution_count": 54,
   "metadata": {},
   "outputs": [],
   "source": [
    "import datetime as dt\n",
    "from datetime import date\n",
    "import matplotlib.pyplot as plt\n",
    "from matplotlib import style\n",
    "import pandas as pd\n",
    "import pandas_datareader.data as web\n",
    "import numpy as np\n",
    "import time\n",
    "\n",
    "\n",
    "def ticker_df(ticker, start, end):\n",
    "    source = 'yahoo'\n",
    "    df = web.DataReader(ticker, source, start, end)\n",
    "    return df.drop(['High', 'Low', 'Open', 'Adj Close', 'Volume'], axis = 1)\n",
    "\n",
    "def stock_correlation(ticker1, ticker2, start, end):\n",
    "    stock1 = ticker_df(ticker1, start, end)\n",
    "    stock2 = ticker_df(ticker2, start, end)\n",
    "    correlation = stock1['Close'].pct_change().corr(stock2['Close'].pct_change())\n",
    "    return(correlation)\n"
   ]
  },
  {
   "cell_type": "code",
   "execution_count": 57,
   "metadata": {},
   "outputs": [],
   "source": [
    "start = dt.datetime(2018,1,1)\n",
    "end = dt.datetime(2020,7,7)\n",
    "ETFs = ['SPY', 'IWM', 'QQQ', 'GDX', 'GDXJ', 'XLK', 'XLE', 'XRT', 'XRT', 'XLU', 'XLF', 'TQQQ', 'SQQQ']\n",
    "stocks = ['MU', 'BA', 'ENPH', 'AMD', 'TSLA', 'BAC', 'JPM']\n",
    "assets ={}\n",
    "\n",
    "for ETF in ETFs:\n",
    "    assets[ETF] = list(ticker_df(ETF, start, end)['Close'])\n",
    "\n",
    "df = pd.DataFrame(data = assets, columns = assets.keys())\n",
    "corr_matrix = df.corr()"
   ]
  },
  {
   "cell_type": "code",
   "execution_count": 61,
   "metadata": {},
   "outputs": [
    {
     "data": {
      "text/html": [
       "<div>\n",
       "<style scoped>\n",
       "    .dataframe tbody tr th:only-of-type {\n",
       "        vertical-align: middle;\n",
       "    }\n",
       "\n",
       "    .dataframe tbody tr th {\n",
       "        vertical-align: top;\n",
       "    }\n",
       "\n",
       "    .dataframe thead th {\n",
       "        text-align: right;\n",
       "    }\n",
       "</style>\n",
       "<table border=\"1\" class=\"dataframe\">\n",
       "  <thead>\n",
       "    <tr style=\"text-align: right;\">\n",
       "      <th></th>\n",
       "      <th>SPY</th>\n",
       "      <th>IWM</th>\n",
       "      <th>QQQ</th>\n",
       "      <th>GDX</th>\n",
       "      <th>GDXJ</th>\n",
       "      <th>XLK</th>\n",
       "      <th>XLE</th>\n",
       "      <th>XRT</th>\n",
       "      <th>XLU</th>\n",
       "      <th>XLF</th>\n",
       "      <th>TQQQ</th>\n",
       "      <th>SQQQ</th>\n",
       "    </tr>\n",
       "  </thead>\n",
       "  <tbody>\n",
       "    <tr>\n",
       "      <td>SPY</td>\n",
       "      <td>1.000000</td>\n",
       "      <td>0.427842</td>\n",
       "      <td>0.814384</td>\n",
       "      <td>0.581728</td>\n",
       "      <td>0.662851</td>\n",
       "      <td>0.835280</td>\n",
       "      <td>-0.159180</td>\n",
       "      <td>0.148516</td>\n",
       "      <td>0.793344</td>\n",
       "      <td>0.520898</td>\n",
       "      <td>0.925101</td>\n",
       "      <td>-0.692901</td>\n",
       "    </tr>\n",
       "    <tr>\n",
       "      <td>IWM</td>\n",
       "      <td>0.427842</td>\n",
       "      <td>1.000000</td>\n",
       "      <td>-0.067146</td>\n",
       "      <td>-0.313932</td>\n",
       "      <td>-0.101338</td>\n",
       "      <td>-0.065986</td>\n",
       "      <td>0.793452</td>\n",
       "      <td>0.893842</td>\n",
       "      <td>0.062907</td>\n",
       "      <td>0.871505</td>\n",
       "      <td>0.330043</td>\n",
       "      <td>0.247455</td>\n",
       "    </tr>\n",
       "    <tr>\n",
       "      <td>QQQ</td>\n",
       "      <td>0.814384</td>\n",
       "      <td>-0.067146</td>\n",
       "      <td>1.000000</td>\n",
       "      <td>0.817520</td>\n",
       "      <td>0.792010</td>\n",
       "      <td>0.992755</td>\n",
       "      <td>-0.619987</td>\n",
       "      <td>-0.244781</td>\n",
       "      <td>0.671852</td>\n",
       "      <td>-0.030825</td>\n",
       "      <td>0.895909</td>\n",
       "      <td>-0.913947</td>\n",
       "    </tr>\n",
       "    <tr>\n",
       "      <td>GDX</td>\n",
       "      <td>0.581728</td>\n",
       "      <td>-0.313932</td>\n",
       "      <td>0.817520</td>\n",
       "      <td>1.000000</td>\n",
       "      <td>0.963332</td>\n",
       "      <td>0.826660</td>\n",
       "      <td>-0.691445</td>\n",
       "      <td>-0.493300</td>\n",
       "      <td>0.565481</td>\n",
       "      <td>-0.183903</td>\n",
       "      <td>0.616562</td>\n",
       "      <td>-0.758956</td>\n",
       "    </tr>\n",
       "    <tr>\n",
       "      <td>GDXJ</td>\n",
       "      <td>0.662851</td>\n",
       "      <td>-0.101338</td>\n",
       "      <td>0.792010</td>\n",
       "      <td>0.963332</td>\n",
       "      <td>1.000000</td>\n",
       "      <td>0.803207</td>\n",
       "      <td>-0.518686</td>\n",
       "      <td>-0.301001</td>\n",
       "      <td>0.569066</td>\n",
       "      <td>0.013793</td>\n",
       "      <td>0.688821</td>\n",
       "      <td>-0.668932</td>\n",
       "    </tr>\n",
       "    <tr>\n",
       "      <td>XLK</td>\n",
       "      <td>0.835280</td>\n",
       "      <td>-0.065986</td>\n",
       "      <td>0.992755</td>\n",
       "      <td>0.826660</td>\n",
       "      <td>0.803207</td>\n",
       "      <td>1.000000</td>\n",
       "      <td>-0.627323</td>\n",
       "      <td>-0.280191</td>\n",
       "      <td>0.724046</td>\n",
       "      <td>0.011910</td>\n",
       "      <td>0.896449</td>\n",
       "      <td>-0.919315</td>\n",
       "    </tr>\n",
       "    <tr>\n",
       "      <td>XLE</td>\n",
       "      <td>-0.159180</td>\n",
       "      <td>0.793452</td>\n",
       "      <td>-0.619987</td>\n",
       "      <td>-0.691445</td>\n",
       "      <td>-0.518686</td>\n",
       "      <td>-0.627323</td>\n",
       "      <td>1.000000</td>\n",
       "      <td>0.853381</td>\n",
       "      <td>-0.415738</td>\n",
       "      <td>0.647065</td>\n",
       "      <td>-0.265452</td>\n",
       "      <td>0.734351</td>\n",
       "    </tr>\n",
       "    <tr>\n",
       "      <td>XRT</td>\n",
       "      <td>0.148516</td>\n",
       "      <td>0.893842</td>\n",
       "      <td>-0.244781</td>\n",
       "      <td>-0.493300</td>\n",
       "      <td>-0.301001</td>\n",
       "      <td>-0.280191</td>\n",
       "      <td>0.853381</td>\n",
       "      <td>1.000000</td>\n",
       "      <td>-0.257273</td>\n",
       "      <td>0.668425</td>\n",
       "      <td>0.120927</td>\n",
       "      <td>0.457132</td>\n",
       "    </tr>\n",
       "    <tr>\n",
       "      <td>XLU</td>\n",
       "      <td>0.793344</td>\n",
       "      <td>0.062907</td>\n",
       "      <td>0.671852</td>\n",
       "      <td>0.565481</td>\n",
       "      <td>0.569066</td>\n",
       "      <td>0.724046</td>\n",
       "      <td>-0.415738</td>\n",
       "      <td>-0.257273</td>\n",
       "      <td>1.000000</td>\n",
       "      <td>0.242647</td>\n",
       "      <td>0.640160</td>\n",
       "      <td>-0.741537</td>\n",
       "    </tr>\n",
       "    <tr>\n",
       "      <td>XLF</td>\n",
       "      <td>0.520898</td>\n",
       "      <td>0.871505</td>\n",
       "      <td>-0.030825</td>\n",
       "      <td>-0.183903</td>\n",
       "      <td>0.013793</td>\n",
       "      <td>0.011910</td>\n",
       "      <td>0.647065</td>\n",
       "      <td>0.668425</td>\n",
       "      <td>0.242647</td>\n",
       "      <td>1.000000</td>\n",
       "      <td>0.356920</td>\n",
       "      <td>0.201299</td>\n",
       "    </tr>\n",
       "    <tr>\n",
       "      <td>TQQQ</td>\n",
       "      <td>0.925101</td>\n",
       "      <td>0.330043</td>\n",
       "      <td>0.895909</td>\n",
       "      <td>0.616562</td>\n",
       "      <td>0.688821</td>\n",
       "      <td>0.896449</td>\n",
       "      <td>-0.265452</td>\n",
       "      <td>0.120927</td>\n",
       "      <td>0.640160</td>\n",
       "      <td>0.356920</td>\n",
       "      <td>1.000000</td>\n",
       "      <td>-0.707518</td>\n",
       "    </tr>\n",
       "    <tr>\n",
       "      <td>SQQQ</td>\n",
       "      <td>-0.692901</td>\n",
       "      <td>0.247455</td>\n",
       "      <td>-0.913947</td>\n",
       "      <td>-0.758956</td>\n",
       "      <td>-0.668932</td>\n",
       "      <td>-0.919315</td>\n",
       "      <td>0.734351</td>\n",
       "      <td>0.457132</td>\n",
       "      <td>-0.741537</td>\n",
       "      <td>0.201299</td>\n",
       "      <td>-0.707518</td>\n",
       "      <td>1.000000</td>\n",
       "    </tr>\n",
       "  </tbody>\n",
       "</table>\n",
       "</div>"
      ],
      "text/plain": [
       "           SPY       IWM       QQQ       GDX      GDXJ       XLK       XLE  \\\n",
       "SPY   1.000000  0.427842  0.814384  0.581728  0.662851  0.835280 -0.159180   \n",
       "IWM   0.427842  1.000000 -0.067146 -0.313932 -0.101338 -0.065986  0.793452   \n",
       "QQQ   0.814384 -0.067146  1.000000  0.817520  0.792010  0.992755 -0.619987   \n",
       "GDX   0.581728 -0.313932  0.817520  1.000000  0.963332  0.826660 -0.691445   \n",
       "GDXJ  0.662851 -0.101338  0.792010  0.963332  1.000000  0.803207 -0.518686   \n",
       "XLK   0.835280 -0.065986  0.992755  0.826660  0.803207  1.000000 -0.627323   \n",
       "XLE  -0.159180  0.793452 -0.619987 -0.691445 -0.518686 -0.627323  1.000000   \n",
       "XRT   0.148516  0.893842 -0.244781 -0.493300 -0.301001 -0.280191  0.853381   \n",
       "XLU   0.793344  0.062907  0.671852  0.565481  0.569066  0.724046 -0.415738   \n",
       "XLF   0.520898  0.871505 -0.030825 -0.183903  0.013793  0.011910  0.647065   \n",
       "TQQQ  0.925101  0.330043  0.895909  0.616562  0.688821  0.896449 -0.265452   \n",
       "SQQQ -0.692901  0.247455 -0.913947 -0.758956 -0.668932 -0.919315  0.734351   \n",
       "\n",
       "           XRT       XLU       XLF      TQQQ      SQQQ  \n",
       "SPY   0.148516  0.793344  0.520898  0.925101 -0.692901  \n",
       "IWM   0.893842  0.062907  0.871505  0.330043  0.247455  \n",
       "QQQ  -0.244781  0.671852 -0.030825  0.895909 -0.913947  \n",
       "GDX  -0.493300  0.565481 -0.183903  0.616562 -0.758956  \n",
       "GDXJ -0.301001  0.569066  0.013793  0.688821 -0.668932  \n",
       "XLK  -0.280191  0.724046  0.011910  0.896449 -0.919315  \n",
       "XLE   0.853381 -0.415738  0.647065 -0.265452  0.734351  \n",
       "XRT   1.000000 -0.257273  0.668425  0.120927  0.457132  \n",
       "XLU  -0.257273  1.000000  0.242647  0.640160 -0.741537  \n",
       "XLF   0.668425  0.242647  1.000000  0.356920  0.201299  \n",
       "TQQQ  0.120927  0.640160  0.356920  1.000000 -0.707518  \n",
       "SQQQ  0.457132 -0.741537  0.201299 -0.707518  1.000000  "
      ]
     },
     "execution_count": 61,
     "metadata": {},
     "output_type": "execute_result"
    }
   ],
   "source": [
    "corr_matrix"
   ]
  },
  {
   "cell_type": "code",
   "execution_count": 59,
   "metadata": {},
   "outputs": [
    {
     "data": {
      "text/plain": [
       "0.9176887312042492"
      ]
     },
     "execution_count": 59,
     "metadata": {},
     "output_type": "execute_result"
    }
   ],
   "source": [
    "stock_correlation('SPY', 'IWM', start, end)"
   ]
  },
  {
   "cell_type": "code",
   "execution_count": 62,
   "metadata": {},
   "outputs": [
    {
     "data": {
      "text/plain": [
       "0.9979174356151335"
      ]
     },
     "execution_count": 62,
     "metadata": {},
     "output_type": "execute_result"
    }
   ],
   "source": [
    "stock_correlation('QQQ', 'TQQQ', start, end)"
   ]
  },
  {
   "cell_type": "code",
   "execution_count": 63,
   "metadata": {},
   "outputs": [
    {
     "data": {
      "text/plain": [
       "-0.9979117656065124"
      ]
     },
     "execution_count": 63,
     "metadata": {},
     "output_type": "execute_result"
    }
   ],
   "source": [
    "stock_correlation('QQQ', 'SQQQ', start, end)"
   ]
  },
  {
   "cell_type": "code",
   "execution_count": 33,
   "metadata": {},
   "outputs": [
    {
     "data": {
      "text/plain": [
       "1.0"
      ]
     },
     "execution_count": 33,
     "metadata": {},
     "output_type": "execute_result"
    }
   ],
   "source": []
  },
  {
   "cell_type": "code",
   "execution_count": null,
   "metadata": {},
   "outputs": [],
   "source": []
  }
 ],
 "metadata": {
  "kernelspec": {
   "display_name": "Python 3",
   "language": "python",
   "name": "python3"
  },
  "language_info": {
   "codemirror_mode": {
    "name": "ipython",
    "version": 3
   },
   "file_extension": ".py",
   "mimetype": "text/x-python",
   "name": "python",
   "nbconvert_exporter": "python",
   "pygments_lexer": "ipython3",
   "version": "3.6.8"
  }
 },
 "nbformat": 4,
 "nbformat_minor": 4
}
