{
 "cells": [
  {
   "cell_type": "code",
   "execution_count": 7,
   "metadata": {},
   "outputs": [],
   "source": [
    "import datetime as dt\n",
    "from datetime import date\n",
    "import matplotlib.pyplot as plt\n",
    "from matplotlib import style\n",
    "import pandas as pd\n",
    "import pandas_datareader.data as web\n",
    "import numpy as np\n",
    "import time\n",
    "\n",
    "\n",
    "def ticker_df(ticker, start, end):\n",
    "    source = 'yahoo'\n",
    "    df = web.DataReader(ticker, source, start, end)\n",
    "    return df.drop(['High', 'Low', 'Open', 'Adj Close', 'Volume'], axis = 1)\n",
    "\n",
    "def stock_correlation(stock1, stock2):\n",
    "    correlation = stock1['Close'].pct_change().corr(stock2['Close'].pct_change())\n",
    "    return(correlation)\n",
    "\n",
    "def get_correlation(stocks, start, end):\n",
    "    \n",
    "    assets ={}\n",
    "    assets2 = {}\n",
    "\n",
    "    for stock in stocks:\n",
    "        assets[stock] = ticker_df(stock, start, end)\n",
    "\n",
    "    for stock in stocks:\n",
    "        assets2[stock] = list(assets[stock]['Close'])\n",
    "\n",
    "    df = pd.DataFrame(data = assets2, columns = assets.keys())\n",
    "    corr_matrix = df.corr()\n",
    "\n",
    "    for stock1 in stocks:\n",
    "        for stock2 in stocks:\n",
    "            corr_matrix[stock1][stock2] = stock_correlation(assets[stock1], assets[stock2])\n",
    "    \n",
    "    return(corr_matrix)\n",
    "\n",
    "\n",
    "\n",
    "#takes holdings {'ticker':allocation}, returns simulation of portfolio\n",
    "def sim_port(holdings, start, end):\n",
    "    portfolio = ticker_df('SPY', start, end).drop('Close', axis =1)\n",
    "\n",
    "    for stock in holdings.keys():\n",
    "        portfolio[stock + ' close'] = ticker_df(stock, start, end)\n",
    "        portfolio[stock + ' pct change'] = portfolio[stock + ' close'].pct_change()\n",
    "\n",
    "    for stock in holdings.keys():\n",
    "\n",
    "        portfolio[stock + ' sim close'] = [0.0]*len(portfolio)\n",
    "        portfolio[stock + ' sim close'][0] = holdings[stock]\n",
    "\n",
    "        for i in range(1, len(portfolio)):\n",
    "            a = portfolio[stock + ' sim close'][i-1]\n",
    "            b = 1 + portfolio[stock + ' pct change'][i]\n",
    "            portfolio[stock + ' sim close'][i] =  a*b\n",
    "\n",
    "    portfolio['Close'] = [0.0]*len(portfolio)\n",
    "\n",
    "    for stock in holdings.keys():\n",
    "        for i in range(len(portfolio)):\n",
    "            portfolio['Close'][i] += portfolio[stock + ' sim close'][i]\n",
    "\n",
    "    return(portfolio)\n",
    "\n",
    "#takes list of stocks (strings), returns dictionary of time series\n",
    "def asset_dict(stocks, start, end):\n",
    "    assets = {}\n",
    "    for stock in stocks:\n",
    "        assets[stock] = ticker_df(stock,start,end)['Close']\n",
    "    return(assets)\n",
    "\n",
    "#takes list of stocks, returns dictionary of time series\n",
    "def asset_timeseries(stocks, start, end):\n",
    "    assets = {}\n",
    "    for stock in stocks:\n",
    "        assets[stock] = list(ticker_df(stock, start, end)['Close'])\n",
    "    return(assets)\n",
    "\n",
    "\n",
    "def series_corr(ser1, ser2):\n",
    "    correlation = ser1.pct_change().corr(ser2.pct_change())\n",
    "    return(correlation)\n",
    "\n",
    "def create_corr_matrix(stock_dict):\n",
    "    data = pd.DataFrame(data = stock_dict, columns = stock_dict.keys())\n",
    "    corr_matrix = data.corr()\n",
    "\n",
    "    for stock1 in stock_dict.keys():\n",
    "        for stock2 in stock_dict.keys():\n",
    "            corr_matrix[stock1][stock2] = series_corr(stock_dict[stock1], stock_dict[stock2])\n",
    "    return(corr_matrix)\n"
   ]
  },
  {
   "cell_type": "code",
   "execution_count": 10,
   "metadata": {},
   "outputs": [
    {
     "data": {
      "text/html": [
       "<div>\n",
       "<style scoped>\n",
       "    .dataframe tbody tr th:only-of-type {\n",
       "        vertical-align: middle;\n",
       "    }\n",
       "\n",
       "    .dataframe tbody tr th {\n",
       "        vertical-align: top;\n",
       "    }\n",
       "\n",
       "    .dataframe thead th {\n",
       "        text-align: right;\n",
       "    }\n",
       "</style>\n",
       "<table border=\"1\" class=\"dataframe\">\n",
       "  <thead>\n",
       "    <tr style=\"text-align: right;\">\n",
       "      <th></th>\n",
       "      <th>SPY</th>\n",
       "      <th>IWM</th>\n",
       "      <th>QQQ</th>\n",
       "      <th>GDX</th>\n",
       "      <th>GDXJ</th>\n",
       "      <th>GLD</th>\n",
       "      <th>SLV</th>\n",
       "      <th>USO</th>\n",
       "      <th>XLK</th>\n",
       "      <th>XLE</th>\n",
       "      <th>XRT</th>\n",
       "      <th>XLU</th>\n",
       "      <th>XLF</th>\n",
       "      <th>XLI</th>\n",
       "      <th>XLV</th>\n",
       "    </tr>\n",
       "  </thead>\n",
       "  <tbody>\n",
       "    <tr>\n",
       "      <td>SPY</td>\n",
       "      <td>1.000000</td>\n",
       "      <td>0.917689</td>\n",
       "      <td>0.947217</td>\n",
       "      <td>0.101234</td>\n",
       "      <td>0.200278</td>\n",
       "      <td>0.027448</td>\n",
       "      <td>0.241528</td>\n",
       "      <td>0.399859</td>\n",
       "      <td>0.955246</td>\n",
       "      <td>0.804302</td>\n",
       "      <td>0.833209</td>\n",
       "      <td>0.696182</td>\n",
       "      <td>0.917887</td>\n",
       "      <td>0.932206</td>\n",
       "      <td>0.911848</td>\n",
       "    </tr>\n",
       "    <tr>\n",
       "      <td>IWM</td>\n",
       "      <td>0.917689</td>\n",
       "      <td>1.000000</td>\n",
       "      <td>0.839013</td>\n",
       "      <td>0.117185</td>\n",
       "      <td>0.206882</td>\n",
       "      <td>0.031732</td>\n",
       "      <td>0.275883</td>\n",
       "      <td>0.377697</td>\n",
       "      <td>0.843867</td>\n",
       "      <td>0.828902</td>\n",
       "      <td>0.892533</td>\n",
       "      <td>0.610986</td>\n",
       "      <td>0.898629</td>\n",
       "      <td>0.907270</td>\n",
       "      <td>0.798960</td>\n",
       "    </tr>\n",
       "    <tr>\n",
       "      <td>QQQ</td>\n",
       "      <td>0.947217</td>\n",
       "      <td>0.839013</td>\n",
       "      <td>1.000000</td>\n",
       "      <td>0.075948</td>\n",
       "      <td>0.171765</td>\n",
       "      <td>0.034475</td>\n",
       "      <td>0.230178</td>\n",
       "      <td>0.352865</td>\n",
       "      <td>0.982011</td>\n",
       "      <td>0.680796</td>\n",
       "      <td>0.758116</td>\n",
       "      <td>0.574074</td>\n",
       "      <td>0.792264</td>\n",
       "      <td>0.818196</td>\n",
       "      <td>0.860064</td>\n",
       "    </tr>\n",
       "    <tr>\n",
       "      <td>GDX</td>\n",
       "      <td>0.101234</td>\n",
       "      <td>0.117185</td>\n",
       "      <td>0.075948</td>\n",
       "      <td>1.000000</td>\n",
       "      <td>0.951964</td>\n",
       "      <td>0.689546</td>\n",
       "      <td>0.549139</td>\n",
       "      <td>0.105775</td>\n",
       "      <td>0.057174</td>\n",
       "      <td>0.142957</td>\n",
       "      <td>0.094093</td>\n",
       "      <td>0.181447</td>\n",
       "      <td>0.059256</td>\n",
       "      <td>0.101133</td>\n",
       "      <td>0.069528</td>\n",
       "    </tr>\n",
       "    <tr>\n",
       "      <td>GDXJ</td>\n",
       "      <td>0.200278</td>\n",
       "      <td>0.206882</td>\n",
       "      <td>0.171765</td>\n",
       "      <td>0.951964</td>\n",
       "      <td>1.000000</td>\n",
       "      <td>0.690510</td>\n",
       "      <td>0.557360</td>\n",
       "      <td>0.112589</td>\n",
       "      <td>0.153311</td>\n",
       "      <td>0.203598</td>\n",
       "      <td>0.187673</td>\n",
       "      <td>0.276782</td>\n",
       "      <td>0.154042</td>\n",
       "      <td>0.189619</td>\n",
       "      <td>0.155521</td>\n",
       "    </tr>\n",
       "    <tr>\n",
       "      <td>GLD</td>\n",
       "      <td>0.027448</td>\n",
       "      <td>0.031732</td>\n",
       "      <td>0.034475</td>\n",
       "      <td>0.689546</td>\n",
       "      <td>0.690510</td>\n",
       "      <td>1.000000</td>\n",
       "      <td>0.762517</td>\n",
       "      <td>-0.020073</td>\n",
       "      <td>0.021739</td>\n",
       "      <td>0.002652</td>\n",
       "      <td>-0.013912</td>\n",
       "      <td>0.179682</td>\n",
       "      <td>-0.032740</td>\n",
       "      <td>-0.004374</td>\n",
       "      <td>0.034392</td>\n",
       "    </tr>\n",
       "    <tr>\n",
       "      <td>SLV</td>\n",
       "      <td>0.241528</td>\n",
       "      <td>0.275883</td>\n",
       "      <td>0.230178</td>\n",
       "      <td>0.549139</td>\n",
       "      <td>0.557360</td>\n",
       "      <td>0.762517</td>\n",
       "      <td>1.000000</td>\n",
       "      <td>0.208020</td>\n",
       "      <td>0.222577</td>\n",
       "      <td>0.257838</td>\n",
       "      <td>0.213383</td>\n",
       "      <td>0.231704</td>\n",
       "      <td>0.193574</td>\n",
       "      <td>0.230904</td>\n",
       "      <td>0.192895</td>\n",
       "    </tr>\n",
       "    <tr>\n",
       "      <td>USO</td>\n",
       "      <td>0.399859</td>\n",
       "      <td>0.377697</td>\n",
       "      <td>0.352865</td>\n",
       "      <td>0.105775</td>\n",
       "      <td>0.112589</td>\n",
       "      <td>-0.020073</td>\n",
       "      <td>0.208020</td>\n",
       "      <td>1.000000</td>\n",
       "      <td>0.360969</td>\n",
       "      <td>0.576703</td>\n",
       "      <td>0.314931</td>\n",
       "      <td>0.146230</td>\n",
       "      <td>0.377860</td>\n",
       "      <td>0.393850</td>\n",
       "      <td>0.309873</td>\n",
       "    </tr>\n",
       "    <tr>\n",
       "      <td>XLK</td>\n",
       "      <td>0.955246</td>\n",
       "      <td>0.843867</td>\n",
       "      <td>0.982011</td>\n",
       "      <td>0.057174</td>\n",
       "      <td>0.153311</td>\n",
       "      <td>0.021739</td>\n",
       "      <td>0.222577</td>\n",
       "      <td>0.360969</td>\n",
       "      <td>1.000000</td>\n",
       "      <td>0.704558</td>\n",
       "      <td>0.758415</td>\n",
       "      <td>0.594691</td>\n",
       "      <td>0.819797</td>\n",
       "      <td>0.840364</td>\n",
       "      <td>0.856698</td>\n",
       "    </tr>\n",
       "    <tr>\n",
       "      <td>XLE</td>\n",
       "      <td>0.804302</td>\n",
       "      <td>0.828902</td>\n",
       "      <td>0.680796</td>\n",
       "      <td>0.142957</td>\n",
       "      <td>0.203598</td>\n",
       "      <td>0.002652</td>\n",
       "      <td>0.257838</td>\n",
       "      <td>0.576703</td>\n",
       "      <td>0.704558</td>\n",
       "      <td>1.000000</td>\n",
       "      <td>0.727531</td>\n",
       "      <td>0.514771</td>\n",
       "      <td>0.824572</td>\n",
       "      <td>0.828394</td>\n",
       "      <td>0.676118</td>\n",
       "    </tr>\n",
       "    <tr>\n",
       "      <td>XRT</td>\n",
       "      <td>0.833209</td>\n",
       "      <td>0.892533</td>\n",
       "      <td>0.758116</td>\n",
       "      <td>0.094093</td>\n",
       "      <td>0.187673</td>\n",
       "      <td>-0.013912</td>\n",
       "      <td>0.213383</td>\n",
       "      <td>0.314931</td>\n",
       "      <td>0.758415</td>\n",
       "      <td>0.727531</td>\n",
       "      <td>1.000000</td>\n",
       "      <td>0.536308</td>\n",
       "      <td>0.810236</td>\n",
       "      <td>0.828462</td>\n",
       "      <td>0.711973</td>\n",
       "    </tr>\n",
       "    <tr>\n",
       "      <td>XLU</td>\n",
       "      <td>0.696182</td>\n",
       "      <td>0.610986</td>\n",
       "      <td>0.574074</td>\n",
       "      <td>0.181447</td>\n",
       "      <td>0.276782</td>\n",
       "      <td>0.179682</td>\n",
       "      <td>0.231704</td>\n",
       "      <td>0.146230</td>\n",
       "      <td>0.594691</td>\n",
       "      <td>0.514771</td>\n",
       "      <td>0.536308</td>\n",
       "      <td>1.000000</td>\n",
       "      <td>0.634856</td>\n",
       "      <td>0.646692</td>\n",
       "      <td>0.691541</td>\n",
       "    </tr>\n",
       "    <tr>\n",
       "      <td>XLF</td>\n",
       "      <td>0.917887</td>\n",
       "      <td>0.898629</td>\n",
       "      <td>0.792264</td>\n",
       "      <td>0.059256</td>\n",
       "      <td>0.154042</td>\n",
       "      <td>-0.032740</td>\n",
       "      <td>0.193574</td>\n",
       "      <td>0.377860</td>\n",
       "      <td>0.819797</td>\n",
       "      <td>0.824572</td>\n",
       "      <td>0.810236</td>\n",
       "      <td>0.634856</td>\n",
       "      <td>1.000000</td>\n",
       "      <td>0.918155</td>\n",
       "      <td>0.796485</td>\n",
       "    </tr>\n",
       "    <tr>\n",
       "      <td>XLI</td>\n",
       "      <td>0.932206</td>\n",
       "      <td>0.907270</td>\n",
       "      <td>0.818196</td>\n",
       "      <td>0.101133</td>\n",
       "      <td>0.189619</td>\n",
       "      <td>-0.004374</td>\n",
       "      <td>0.230904</td>\n",
       "      <td>0.393850</td>\n",
       "      <td>0.840364</td>\n",
       "      <td>0.828394</td>\n",
       "      <td>0.828462</td>\n",
       "      <td>0.646692</td>\n",
       "      <td>0.918155</td>\n",
       "      <td>1.000000</td>\n",
       "      <td>0.816948</td>\n",
       "    </tr>\n",
       "    <tr>\n",
       "      <td>XLV</td>\n",
       "      <td>0.911848</td>\n",
       "      <td>0.798960</td>\n",
       "      <td>0.860064</td>\n",
       "      <td>0.069528</td>\n",
       "      <td>0.155521</td>\n",
       "      <td>0.034392</td>\n",
       "      <td>0.192895</td>\n",
       "      <td>0.309873</td>\n",
       "      <td>0.856698</td>\n",
       "      <td>0.676118</td>\n",
       "      <td>0.711973</td>\n",
       "      <td>0.691541</td>\n",
       "      <td>0.796485</td>\n",
       "      <td>0.816948</td>\n",
       "      <td>1.000000</td>\n",
       "    </tr>\n",
       "  </tbody>\n",
       "</table>\n",
       "</div>"
      ],
      "text/plain": [
       "           SPY       IWM       QQQ       GDX      GDXJ       GLD       SLV  \\\n",
       "SPY   1.000000  0.917689  0.947217  0.101234  0.200278  0.027448  0.241528   \n",
       "IWM   0.917689  1.000000  0.839013  0.117185  0.206882  0.031732  0.275883   \n",
       "QQQ   0.947217  0.839013  1.000000  0.075948  0.171765  0.034475  0.230178   \n",
       "GDX   0.101234  0.117185  0.075948  1.000000  0.951964  0.689546  0.549139   \n",
       "GDXJ  0.200278  0.206882  0.171765  0.951964  1.000000  0.690510  0.557360   \n",
       "GLD   0.027448  0.031732  0.034475  0.689546  0.690510  1.000000  0.762517   \n",
       "SLV   0.241528  0.275883  0.230178  0.549139  0.557360  0.762517  1.000000   \n",
       "USO   0.399859  0.377697  0.352865  0.105775  0.112589 -0.020073  0.208020   \n",
       "XLK   0.955246  0.843867  0.982011  0.057174  0.153311  0.021739  0.222577   \n",
       "XLE   0.804302  0.828902  0.680796  0.142957  0.203598  0.002652  0.257838   \n",
       "XRT   0.833209  0.892533  0.758116  0.094093  0.187673 -0.013912  0.213383   \n",
       "XLU   0.696182  0.610986  0.574074  0.181447  0.276782  0.179682  0.231704   \n",
       "XLF   0.917887  0.898629  0.792264  0.059256  0.154042 -0.032740  0.193574   \n",
       "XLI   0.932206  0.907270  0.818196  0.101133  0.189619 -0.004374  0.230904   \n",
       "XLV   0.911848  0.798960  0.860064  0.069528  0.155521  0.034392  0.192895   \n",
       "\n",
       "           USO       XLK       XLE       XRT       XLU       XLF       XLI  \\\n",
       "SPY   0.399859  0.955246  0.804302  0.833209  0.696182  0.917887  0.932206   \n",
       "IWM   0.377697  0.843867  0.828902  0.892533  0.610986  0.898629  0.907270   \n",
       "QQQ   0.352865  0.982011  0.680796  0.758116  0.574074  0.792264  0.818196   \n",
       "GDX   0.105775  0.057174  0.142957  0.094093  0.181447  0.059256  0.101133   \n",
       "GDXJ  0.112589  0.153311  0.203598  0.187673  0.276782  0.154042  0.189619   \n",
       "GLD  -0.020073  0.021739  0.002652 -0.013912  0.179682 -0.032740 -0.004374   \n",
       "SLV   0.208020  0.222577  0.257838  0.213383  0.231704  0.193574  0.230904   \n",
       "USO   1.000000  0.360969  0.576703  0.314931  0.146230  0.377860  0.393850   \n",
       "XLK   0.360969  1.000000  0.704558  0.758415  0.594691  0.819797  0.840364   \n",
       "XLE   0.576703  0.704558  1.000000  0.727531  0.514771  0.824572  0.828394   \n",
       "XRT   0.314931  0.758415  0.727531  1.000000  0.536308  0.810236  0.828462   \n",
       "XLU   0.146230  0.594691  0.514771  0.536308  1.000000  0.634856  0.646692   \n",
       "XLF   0.377860  0.819797  0.824572  0.810236  0.634856  1.000000  0.918155   \n",
       "XLI   0.393850  0.840364  0.828394  0.828462  0.646692  0.918155  1.000000   \n",
       "XLV   0.309873  0.856698  0.676118  0.711973  0.691541  0.796485  0.816948   \n",
       "\n",
       "           XLV  \n",
       "SPY   0.911848  \n",
       "IWM   0.798960  \n",
       "QQQ   0.860064  \n",
       "GDX   0.069528  \n",
       "GDXJ  0.155521  \n",
       "GLD   0.034392  \n",
       "SLV   0.192895  \n",
       "USO   0.309873  \n",
       "XLK   0.856698  \n",
       "XLE   0.676118  \n",
       "XRT   0.711973  \n",
       "XLU   0.691541  \n",
       "XLF   0.796485  \n",
       "XLI   0.816948  \n",
       "XLV   1.000000  "
      ]
     },
     "execution_count": 10,
     "metadata": {},
     "output_type": "execute_result"
    }
   ],
   "source": [
    "start = dt.datetime(2018,1,1)\n",
    "end = dt.datetime(2020,7,7)\n",
    "stocks = ['SPY', 'IWM', 'QQQ', 'GDX', 'GDXJ', 'GLD', 'SLV', 'USO', 'XLK', 'XLE', 'XRT', 'XRT', 'XLU', 'XLF','XLI','XLV']\n",
    "\n",
    "get_correlation(stocks, start, end)"
   ]
  },
  {
   "cell_type": "code",
   "execution_count": null,
   "metadata": {},
   "outputs": [],
   "source": [
    "def get_correlation(stocks, start, end):\n",
    "    \n",
    "    assets ={}\n",
    "    assets2 = {}\n",
    "\n",
    "    for stock in stocks:\n",
    "        assets[stock] = ticker_df(stock, start, end)\n",
    "\n",
    "    for stock in stocks:\n",
    "        assets2[stock] = list(assets[stock]['Close'])\n",
    "\n",
    "    df = pd.DataFrame(data = assets2, columns = assets.keys())\n",
    "    corr_matrix = df.corr()\n",
    "\n",
    "    for stock1 in stocks:\n",
    "        for stock2 in stocks:\n",
    "            corr_matrix[stock1][stock2] = stock_correlation(assets[stock1], assets[stock2])"
   ]
  },
  {
   "cell_type": "code",
   "execution_count": 25,
   "metadata": {},
   "outputs": [],
   "source": [
    "stocks = ['SPY', 'IWM', 'QQQ', 'GDX', 'GDXJ', 'GLD', 'SLV', 'USO', 'XLK', 'XLE', 'XRT', 'XRT', 'XLU', 'XLF','XLI','XLV']\n",
    "stock_dict = asset_dict(stocks, start, end)"
   ]
  },
  {
   "cell_type": "code",
   "execution_count": 26,
   "metadata": {},
   "outputs": [],
   "source": [
    "stock_dict['portfolio'] = portfolio['Close']"
   ]
  },
  {
   "cell_type": "code",
   "execution_count": 27,
   "metadata": {},
   "outputs": [],
   "source": [
    "data = pd.DataFrame(data = stock_dict, columns = ETF_dict.keys())\n",
    "corr_matrix = data.corr()"
   ]
  },
  {
   "cell_type": "code",
   "execution_count": 38,
   "metadata": {},
   "outputs": [],
   "source": [
    "for stock1 in stock_dict.keys():\n",
    "    for stock2 in stock_dict.keys():\n",
    "        corr_matrix[stock1][stock2] = series_corr(stock_dict[stock1], stock_dict[stock2])"
   ]
  },
  {
   "cell_type": "code",
   "execution_count": 35,
   "metadata": {},
   "outputs": [
    {
     "data": {
      "text/plain": [
       "0.9820108760895104"
      ]
     },
     "execution_count": 35,
     "metadata": {},
     "output_type": "execute_result"
    }
   ],
   "source": [
    "series_corr(stock_dict['QQQ'], stock_dict['XLK'])"
   ]
  },
  {
   "cell_type": "code",
   "execution_count": 29,
   "metadata": {},
   "outputs": [
    {
     "data": {
      "text/plain": [
       "<function __main__.stock_correlation(stock1, stock2)>"
      ]
     },
     "execution_count": 29,
     "metadata": {},
     "output_type": "execute_result"
    }
   ],
   "source": [
    "stock_correlation"
   ]
  },
  {
   "cell_type": "code",
   "execution_count": 32,
   "metadata": {},
   "outputs": [],
   "source": []
  },
  {
   "cell_type": "code",
   "execution_count": null,
   "metadata": {},
   "outputs": [],
   "source": []
  }
 ],
 "metadata": {
  "kernelspec": {
   "display_name": "Python 3",
   "language": "python",
   "name": "python3"
  },
  "language_info": {
   "codemirror_mode": {
    "name": "ipython",
    "version": 3
   },
   "file_extension": ".py",
   "mimetype": "text/x-python",
   "name": "python",
   "nbconvert_exporter": "python",
   "pygments_lexer": "ipython3",
   "version": "3.6.8"
  }
 },
 "nbformat": 4,
 "nbformat_minor": 4
}
